10
100 100
54 16 55
73 66 9
13 45 6
65 7 7
19 99 188
69 89 111
30 45 3
97 32 97
37 6 3
80 41 8
27 65 6
70 22 502
42 78 2
25 48 652
15 52 528
95 93 799
84 37 5
90 57 117
87 58 369
19 77 6
96 33 190
4 1 954
0 65 441
7 5 1
76 49 333
34 9 9
13 32 3
46 41 2
57 8 233
41 85 8
67 21 984
42 53 9
93 18 7
75 13 7
45 20 763
76 93 9
93 39 5
86 72 425
58 98 5
12 82 7
91 44 4
32 11 93
25 73 5
61 84 908
36 66 9
92 41 9
34 33 5
56 50 579
41 12 9
25 63 68
65 28 644
5 62 207
66 41 4
30 17 144
94 86 4
51 89 754
55 89 875
86 7 2
69 85 3
52 64 8
45 40 283
44 78 3
47 85 353
1 65 127
38 58 3
70 35 46
33 19 3
79 21 932
53 50 664
79 7 706
48 2 913
91 60 841
78 26 3
33 29 210
44 28 669
26 71 8
66 44 1
45 33 9
82 24 421
52 83 756
71 70 805
52 13 4
33 38 7
39 78 1
50 31 674
23 85 863
13 10 9
37 43 8
37 38 2
3 16 355
81 59 836
19 86 4
88 93 829
38 44 1
85 8 3
3 13 730
14 11 913
68 48 840
5 74 582
85 59 787
100 100
10 25 1
18 35 978
79 23 3
11 76 230
63 52 913
75 64 10
60 82 858
1 7 5
54 87 720
37 40 7
9 21 65
48 3 579
46 18 612
53 74 233
0 51 7
77 69 5
20 54 388
23 29 6
70 97 4
80 65 800
13 61 843
15 25 1
94 75 3
90 27 10
23 72 10
67 70 5
36 97 494
31 38 8
50 56 256
42 32 796
52 75 3
62 27 4
26 77 158
31 81 809
0 28 5
0 31 1
67 4 9
62 84 23
69 40 1
8 52 6
43 64 8
59 16 681
95 86 5
65 97 3
28 93 670
18 17 972
23 0 8
42 79 3
85 27 390
28 14 8
78 64 810
0 39 278
49 15 338
28 69 9
90 44 899
57 13 854
67 72 1
0 1 32
83 76 978
82 58 574
91 23 7
8 41 6
48 85 68
40 34 8
27 28 5
40 19 579
47 40 3
14 18 6
31 45 156
99 66 331
74 82 338
22 23 356
7 89 6
21 30 91
12 63 41
64 53 4
89 67 2
43 73 671
0 54 9
9 69 557
99 54 866
98 43 303
99 96 251
88 91 355
72 2 2
0 86 5
23 43 4
31 55 7
24 0 1
68 97 6
71 99 856
55 10 4
99 5 87
16 7 862
11 72 8
40 92 905
50 95 5
57 91 255
6 4 41
86 33 8
100 100
43 70 9
11 20 8
5 3 758
57 25 548
11 76 279
24 45 572
11 77 1
24 5 10
5 1 986
17 74 3
66 60 9
96 31 4
19 22 494
54 13 8
0 21 4
84 26 1
70 62 5
38 24 578
31 17 1
49 25 44
71 82 6
94 84 670
90 2 5
91 50 518
31 39 5
51 39 7
24 34 8
72 97 300
13 39 7
9 48 815
67 24 22
65 88 905
93 51 847
89 45 800
50 44 385
55 30 510
78 53 448
87 6 351
23 13 4
96 46 7
63 82 167
38 27 894
71 77 3
97 95 603
22 16 97
83 13 5
47 14 178
41 64 691
52 84 5
85 51 1
26 79 7
25 58 937
31 60 4
92 33 2
75 28 370
66 98 3
87 90 4
70 60 1
22 55 7
83 28 802
39 10 884
0 1 1017
42 94 963
0 90 4
62 29 3
64 80 97
71 60 4
60 65 7
61 34 1
59 46 133
91 29 5
56 8 192
55 68 971
4 73 52
35 26 3
18 15 5
60 90 4
60 61 3
22 82 2
12 3 159
66 26 3
71 7 95
78 31 396
7 47 544
98 81 332
18 32 4
17 32 8
48 12 360
21 40 5
56 30 885
7 36 470
37 73 99
77 69 230
21 33 9
83 72 671
96 4 6
41 40 311
66 86 816
25 33 3
74 99 209
100 100
26 78 598
73 85 9
9 53 563
72 25 10
32 94 872
88 85 827
28 83 826
81 35 156
35 49 6
25 85 8
48 43 225
93 24 5
8 72 133
48 15 9
36 90 354
90 32 2
99 68 5
80 52 1
42 48 408
14 21 990
60 48 1
71 91 3
72 62 3
7 48 3
33 7 463
65 40 355
49 54 8
95 3 7
72 99 3
99 69 4
67 57 643
89 18 882
62 80 9
10 63 924
13 50 752
82 99 5
99 84 1
61 42 322
1 0 531
90 66 9
92 69 7
1 29 517
25 56 620
46 85 483
25 48 6
48 78 2
87 46 911
11 72 8
64 96 944
27 28 7
89 36 30
91 53 3
79 84 780
34 82 5
82 28 3
12 4 600
29 72 9
21 55 8
10 76 783
89 51 650
53 39 851
76 74 785
95 75 2
6 11 2
45 32 7
19 21 2
93 11 7
55 5 599
16 55 439
91 54 10
44 91 471
20 71 800
72 0 4
37 86 554
77 96 938
43 13 38
70 41 54
31 22 4
98 21 65
69 41 168
97 30 2
32 62 2
49 32 6
96 55 95
40 84 529
32 95 1
37 93 8
47 99 788
66 63 10
55 32 3
38 69 721
2 36 58
48 57 462
85 30 9
4 91 6
24 22 7
89 59 248
17 96 115
58 76 996
25 23 988
100 100
46 92 829
3 88 1
97 2 385
3 4 5
69 10 9
71 21 7
1 20 467
93 4 4
93 90 6
11 59 515
7 60 452
17 49 897
70 4 849
16 74 3
43 71 8
12 22 169
48 36 819
54 29 730
24 57 55
0 79 10
47 70 610
23 29 309
17 39 1
50 75 908
97 0 6
40 76 143
93 13 3
32 23 709
64 85 921
4 43 2
97 66 9
41 23 758
42 62 800
87 81 4
85 91 3
76 33 4
55 25 800
49 45 932
49 9 996
89 7 6
0 74 4
28 5 732
59 74 5
41 96 984
72 38 10
39 22 503
21 52 521
32 4 1
68 89 2
29 48 726
64 94 973
93 99 8
81 93 7
62 85 3
83 26 250
8 59 116
67 24 305
6 58 171
83 67 1
56 18 41
74 55 7
39 95 65
68 62 6
78 19 860
36 14 237
76 58 5
80 13 3
61 88 908
39 0 2
0 1 472
13 84 399
82 19 868
27 33 5
93 72 7
86 31 7
31 30 4
92 68 1
56 0 8
37 44 503
85 98 387
74 31 9
53 0 5
2 77 979
0 10 8
63 94 23
20 39 2
62 37 2
88 82 573
5 17 4
85 33 7
17 4 3
69 50 4
34 6 692
99 51 402
82 35 831
53 67 6
62 0 3
65 82 243
15 20 70
73 53 3
100 100
77 97 1
22 94 3
6 75 326
42 35 9
99 3 490
43 54 2
1 68 772
23 92 296
34 89 759
89 91 863
65 21 775
96 76 584
16 79 368
43 29 978
98 97 976
11 2 9
54 94 3
93 61 4
56 45 9
14 93 706
2 0 1
94 69 698
79 95 575
18 84 6
7 15 7
75 16 2
97 36 4
70 96 965
35 96 4
50 36 476
79 38 913
4 88 231
84 17 343
88 45 3
70 60 939
78 68 774
22 66 9
89 63 9
68 55 3
48 51 631
64 68 161
61 86 2
20 39 505
89 43 5
46 57 982
23 96 10
88 94 6
2 18 9
87 43 340
54 57 4
41 54 1
9 0 159
65 81 8
54 20 9
60 61 3
80 23 4
42 44 62
75 15 4
35 27 122
31 71 529
30 5 344
32 47 284
78 26 116
51 23 8
59 44 115
67 41 10
37 96 7
0 13 1
43 73 550
97 65 10
35 85 445
61 84 2
54 61 4
11 10 849
75 83 10
22 82 235
23 74 7
49 81 269
23 62 2
13 90 915
36 19 4
22 53 7
0 68 4
2 40 2
11 72 171
72 30 337
25 31 411
24 97 509
58 16 33
16 13 4
25 57 13
8 86 82
13 52 114
21 33 981
28 84 8
81 99 381
73 12 259
43 81 4
47 65 10
54 23 9
100 100
6 22 678
68 28 272
38 59 1000
41 73 10
45 57 64
75 52 6
68 88 2
27 49 10
85 19 5
42 5 973
26 41 949
1 0 616
94 34 4
22 23 706
11 6 807
96 79 8
76 87 436
75 61 5
17 69 532
12 89 717
90 5 9
95 99 149
56 39 4
89 66 362
80 79 10
64 39 754
44 87 329
55 75 1
94 61 2
83 19 3
89 9 606
93 25 508
65 14 925
92 19 890
30 40 71
37 42 228
58 66 724
53 14 1
75 68 7
77 24 3
80 63 7
39 14 8
48 62 50
78 83 7
38 73 791
50 19 5
17 96 10
83 96 3
95 10 953
56 72 467
61 22 5
7 88 10
36 18 4
50 46 4
79 62 834
76 1 601
30 70 416
80 27 10
35 54 548
17 31 792
75 0 1
51 86 717
32 63 171
35 0 181
75 74 104
79 82 430
39 19 8
0 29 8
71 75 2
22 20 9
75 19 3
94 97 5
61 91 4
57 53 6
19 43 686
15 93 4
67 55 26
96 81 800
40 21 40
60 76 976
21 16 430
30 35 54
13 52 796
33 83 4
42 98 594
24 55 4
88 2 896
12 50 476
83 5 8
47 83 3
75 36 6
68 15 7
86 0 8
84 44 306
26 3 30
52 8 568
75 4 2
19 76 10
10 86 2
55 73 5
100 100
77 7 4
46 17 3
64 40 5
23 78 901
64 9 10
49 93 916
6 95 656
37 62 173
8 91 5
9 13 2
3 41 367
46 9 6
44 27 535
32 91 5
29 0 300
15 61 1
34 18 6
31 24 305
20 87 493
87 40 2
74 81 590
46 88 1
91 97 2
26 33 550
13 90 650
41 22 2
70 82 825
15 50 651
27 53 10
13 55 404
77 14 921
45 51 5
75 13 3
79 88 257
59 50 936
5 19 572
72 51 401
32 47 1
1 78 246
71 32 4
99 63 585
88 34 7
66 19 437
46 21 2
61 46 6
88 39 8
48 78 413
89 58 429
0 55 417
2 96 963
9 51 8
13 67 169
80 18 727
73 34 5
68 91 8
83 3 454
70 74 6
64 74 5
82 36 266
84 75 5
43 53 824
79 27 220
28 11 378
88 31 6
40 60 797
15 38 9
9 16 766
66 92 580
52 3 8
71 66 3
56 30 1
87 35 36
39 12 3
54 18 881
25 88 5
8 65 912
8 48 1
69 88 521
77 91 1
49 57 566
11 52 5
41 96 411
88 3 7
10 97 593
98 34 284
64 37 953
56 66 2
57 61 3
94 57 9
86 77 916
91 88 8
21 89 4
33 64 2
71 6 326
76 88 258
66 53 6
85 64 9
88 42 2
99 39 2
4 61 7
100 100
74 76 4
18 73 2
60 95 5
59 51 498
0 34 5
56 40 472
89 35 2
57 2 2
89 49 5
47 53 417
49 64 4
92 60 447
78 99 4
0 46 1
23 46 269
28 2 5
88 8 558
73 81 8
85 0 2
73 90 8
0 68 7
91 36 922
35 24 482
42 37 305
39 75 207
20 64 10
33 69 3
2 59 85
68 91 9
99 90 3
57 0 2
33 60 9
52 72 466
11 54 159
65 19 9
48 73 4
1 81 464
89 21 742
0 73 7
43 7 391
14 92 49
63 84 839
82 77 704
62 73 8
29 28 6
37 73 304
33 49 3
72 35 93
80 31 7
55 96 48
44 11 1
28 83 9
7 79 651
47 56 3
63 16 394
25 78 59
67 6 418
80 12 156
74 57 5
10 80 507
96 41 825
30 28 4
85 8 219
22 94 545
79 49 1
49 77 1
63 34 57
1 0 479
49 61 843
57 19 9
3 50 311
0 93 7
75 8 348
2 13 771
17 80 496
71 62 10
15 8 256
56 74 8
67 53 188
4 31 10
16 66 830
26 76 147
69 38 9
49 94 5
55 2 3
63 5 606
45 73 7
98 58 941
31 64 3
44 46 1
3 14 927
74 97 10
9 0 420
66 98 178
57 49 7
27 93 2
80 70 86
73 86 529
37 87 617
32 49 47
100 100
86 58 820
67 31 4
49 64 963
74 98 9
40 61 5
10 42 8
21 34 14
13 67 818
12 4 943
91 16 174
79 25 2
25 61 9
11 33 628
45 75 569
62 46 931
97 33 5
44 74 1
52 26 603
12 14 731
28 27 1
36 56 282
14 85 163
31 53 8
28 31 6
9 2 15
32 43 5
97 50 700
49 35 465
86 8 2
6 0 7
83 26 341
1 33 369
80 97 539
8 70 10
18 23 458
10 48 5
63 86 333
58 84 519
14 57 874
43 34 5
31 76 6
0 0 1
74 76 6
38 18 20
47 16 275
96 33 6
78 0 3
73 65 605
37 91 8
14 62 126
36 39 734
29 90 4
60 97 953
92 7 4
65 24 95
7 18 8
27 7 3
41 9 371
82 70 9
44 95 9
55 48 8
45 26 831
70 66 460
73 33 536
85 72 773
22 75 262
79 59 10
74 91 4
33 3 3
75 79 3
76 5 10
48 0 9
28 93 6
81 10 4
68 86 504
48 20 7
33 0 8
48 44 6
53 43 1
77 6 385
87 61 429
70 61 10
17 70 6
25 48 10
30 6 939
35 88 364
8 36 591
60 94 398
69 82 580
45 15 289
37 89 7
14 9 671
64 0 5
29 44 9
10 71 9
51 76 840
12 19 79
54 0 568
20 9 5
99 82 636
