1 1
2 2
3 2
4 2
5 2
6 6
7 2
8 7
9 6
10 8
11 2
12 2
13 10
14 6
15 2
16 14
17 17
18 4
19 4
20 17
21 2
22 7
23 3
24 24
25 5
26 15
27 17
28 22
29 5
30 17
31 27
32 2
33 5
34 34
35 22
36 24
37 8
38 31
39 22
40 21
41 35
42 3
43 4
44 15
45 37
46 25
47 29
48 22
49 17
50 45
51 14
52 11
53 25
54 5
55 17
56 20
57 47
58 51
59 14
60 44
61 59
62 17
63 25
64 52
65 50
66 14
67 7
68 65
69 41
70 63
71 30
72 23
73 35
74 6
75 14
76 10
77 75
78 38
79 62
80 58
81 81
82 4
83 18
84 28
85 3
86 54
87 34
88 27
89 61
90 13
91 37
92 54
93 71
94 42
95 58
96 88
97 61
98 58
99 92
100 76
101 12
102 95
103 103
104 2
105 39
106 54
107 15
108 41
109 66
110 7
111 93
112 86
113 78
114 84
115 2
116 88
117 116
118 22
119 39
120 32
121 24
122 27
123 113
124 21
125 115
126 5
127 107
128 26
129 42
130 43
131 62
132 98
133 108
134 15
135 121
136 22
137 114
138 98
139 14
140 75
141 46
142 112
143 110
144 53
145 19
146 55
147 134
148 71
149 130
150 105
151 5
152 121
153 21
154 72
155 72
156 80
157 26
158 106
159 29
160 117
161 102
162 53
163 107
164 144
165 155
166 19
167 31
168 67
169 24
170 8
171 132
172 4
173 147
174 27
175 80
176 61
177 168
178 58
179 111
180 105
181 33
182 19
183 64
184 148
185 183
186 55
187 53
188 19
189 103
190 96
191 116
192 88
193 95
194 180
195 122
196 78
197 161
198 174
199 111
200 161
201 117
202 156
203 199
204 87
205 15
206 41
207 99
208 163
209 40
210 192
211 14
212 41
213 62
214 16
215 37
216 168
217 45
218 58
219 69
220 142
221 116
222 59
223 125
224 103
225 219
226 185
227 203
228 113
229 158
230 165
231 74
232 15
233 115
234 188
235 129
236 141
237 23
238 183
239 43
240 132
241 27
242 160
243 124
244 202
245 158
246 97
247 132
248 80
249 213
250 182
251 249
252 177
253 196
254 102
255 110
256 239
257 253
258 184
259 30
260 138
261 96
262 103
263 135
264 218
265 46
266 27
267 27
268 223
269 106
270 111
271 197
272 147
273 96
274 235
275 62
276 177
277 270
278 71
279 64
280 131
281 44
282 51
283 247
284 254
285 154
286 95
287 113
288 21
289 111
290 114
291 241
292 43
293 278
294 185
295 33
296 286
297 191
298 158
299 289
300 67
301 34
302 125
303 97
304 232
305 156
306 274
307 133
308 121
309 65
310 199
311 310
312 44
313 27
314 74
315 261
316 108
317 246
318 4
319 128
320 136
321 104
322 162
323 276
324 128
325 129
326 210
327 127
328 151
329 289
330 61
331 47
332 252
333 333
334 136
335 253
336 314
337 137
338 152
339 171
340 90
341 83
342 270
343 314
344 169
345 126
346 149
347 251
348 329
349 80
350 323
351 130
352 148
353 213
354 319
355 75
356 280
357 207
358 197
359 4
360 270
361 324
362 116
363 145
364 132
365 206
366 120
367 311
368 156
369 245
370 86
371 120
372 122
373 61
374 373
375 91
376 272
377 44
378 358
379 376
380 231
381 15
382 34
383 211
384 255
385 218
386 89
387 211
388 192
389 358
390 136
391 48
392 249
393 259
394 361
395 279
396 38
397 133
398 97
399 352
400 339
401 374
402 78
403 184
404 214
405 134
406 65
407 219
408 364
409 306
410 152
411 273
412 80
413 173
414 152
415 84
416 303
417 62
418 353
419 243
420 221
421 87
422 136
423 35
424 229
425 217
426 199
427 21
428 398
429 128
430 87
431 101
432 308
433 244
434 89
435 160
436 66
437 305
438 162
439 246
440 334
441 238
442 185
443 162
444 259
445 257
446 218
447 361
448 387
449 48
450 181
451 177
452 275
453 60
454 94
455 113
456 146
457 440
458 199
459 414
460 354
461 41
462 301
463 32
464 305
465 77
466 99
467 119
468 181
469 395
470 365
471 67
472 10
473 363
474 189
475 350
476 405
477 384
478 69
479 377
480 381
481 330
482 264
483 218
484 25
485 208
486 469
487 189
488 401
489 221
490 50
491 375
492 216
493 88
494 317
495 180
496 129
497 454
498 112
499 208
500 453
501 499
502 293
503 94
504 59
505 289
506 277
507 313
508 71
509 393
510 130
511 400
512 242
513 319
514 186
515 123
516 380
517 67
518 88
519 462
520 504
521 320
522 355
523 245
524 202
525 492
526 26
527 284
528 40
529 510
530 385
531 178
532 494
533 207
534 170
535 178
536 426
537 444
538 238
539 331
540 109
541 126
542 530
543 274
544 447
545 171
546 197
547 112
548 54
549 196
550 290
551 254
552 187
553 34
554 203
555 180
556 494
557 370
558 91
559 189
560 387
561 444
562 221
563 237
564 171
565 467
566 410
567 2
568 98
569 229
570 47
571 154
572 141
573 115
574 221
575 14
576 123
577 318
578 144
579 257
580 293
581 431
582 398
583 142
584 446
585 406
586 575
587 229
588 313
589 405
590 505
591 397
592 500
593 280
594 345
595 504
596 542
597 392
598 63
599 41
600 400
601 422
602 415
603 178
604 117
605 450
606 241
607 68
608 305
609 573
610 57
611 482
612 72
613 579
614 71
615 290
616 493
617 457
618 454
619 340
620 102
621 107
622 232
623 615
624 115
625 4
626 545
627 269
628 559
629 405
630 508
631 492
632 274
633 219
634 335
635 372
636 269
637 543
638 226
639 632
640 262
641 367
642 56
643 539
644 229
645 440
646 71
647 595
648 128
649 219
650 397
651 538
652 388
653 180
654 602
655 576
656 439
657 208
658 432
659 196
660 540
661 4
662 333
663 411
664 402
665 504
666 593
667 455
668 339
669 137
670 422
671 330
672 298
673 40
674 186
675 598
676 44
677 349
678 72
679 328
680 37
681 504
682 26
683 175
684 316
685 126
686 38
687 123
688 246
689 185
690 323
691 45
692 625
693 607
694 538
695 565
696 651
697 626
698 48
699 103
700 700
701 463
702 216
703 388
704 410
705 533
706 95
707 331
708 126
709 571
710 632
711 368
712 199
713 524
714 187
715 344
716 116
717 677
718 446
719 377
720 347
721 507
722 524
723 194
724 102
725 698
726 495
727 180
728 532
729 275
730 343
731 719
732 439
733 332
734 642
735 408
736 653
737 17
738 249
739 282
740 503
741 657
742 121
743 396
744 115
745 205
746 705
747 309
748 105
749 10
750 556
751 241
752 432
753 556
754 453
755 558
756 416
757 278
758 243
759 143
760 285
761 599
762 6
763 135
764 579
765 308
766 247
767 610
768 673
769 27
770 545
771 300
772 716
773 347
774 264
775 243
776 391
777 528
778 217
779 86
780 327
781 627
782 352
783 34
784 158
785 322
786 280
787 301
788 184
789 189
790 351
791 86
792 361
793 485
794 418
795 691
796 347
797 12
798 720
799 404
800 769
801 106
802 604
803 166
804 71
805 366
806 217
807 642
808 322
809 709
810 371
811 198
812 627
813 416
814 363
815 24
816 615
817 277
818 144
819 156
820 541
821 5
822 460
823 690
824 89
825 381
826 276
827 301
828 407
829 437
830 131
831 383
832 406
833 338
834 392
835 743
836 528
837 545
838 608
839 250
840 666
841 253
842 140
843 745
844 131
845 661
846 96
847 285
848 479
849 795
850 7
851 788
852 565
853 433
854 561
855 180
856 357
857 451
858 300
859 206
860 469
861 481
862 120
863 426
864 81
865 218
866 276
867 813
868 623
869 682
870 115
871 127
872 284
873 801
874 774
875 624
876 629
877 460
878 858
879 523
880 360
881 649
882 561
883 55
884 638
885 250
886 864
887 825
888 149
889 408
890 63
891 477
892 138
893 690
894 808
895 33
896 17
897 157
898 529
899 764
900 79
901 473
902 89
903 488
904 21
905 899
906 700
907 261
908 29
909 639
910 832
911 26
912 109
913 754
914 878
915 792
916 572
917 451
918 892
919 707
920 271
921 416
922 601
923 146
924 649
925 711
926 144
927 389
928 471
929 662
930 442
931 747
932 323
933 354
934 911
935 28
936 96
937 405
938 935
939 140
940 778
941 67
942 242
943 926
944 712
945 69
946 401
947 836
948 589
949 734
950 825
951 382
952 5
953 332
954 68
955 889
956 709
957 15
958 595
959 666
960 252
961 899
962 234
963 105
964 929
965 668
966 804
967 511
968 903
969 417
970 837
971 901
972 816
973 670
974 875
975 869
976 190
977 42
978 165
979 647
980 884
981 58
982 396
983 230
984 552
985 363
986 852
987 686
988 467
989 68
990 822
991 348
992 80
993 756
994 670
995 376
996 706
997 421
998 108
999 793
1000 553
1001 670
1002 388
1003 787
1004 715
1005 215
1006 897
1007 516
1008 312
1009 224
1010 269
1011 708
1012 843
1013 448
1014 785
1015 491
1016 350
1017 742
1018 482
1019 525
1020 600
1021 831
1022 811
1023 522
1024 348
1025 1019
1026 911
1027 535
1028 482
1029 348
1030 656
1031 604
1032 464
1033 121
1034 744
1035 771
1036 871
1037 1035
1038 249
1039 656
1040 721
1041 626
1042 210
1043 180
1044 631
1045 283
1046 1017
1047 729
1048 150
1049 25
1050 210
1051 544
1052 248
1053 711
1054 468
1055 645
1056 764
1057 951
1058 112
1059 469
1060 667
1061 353
1062 23
1063 57
1064 633
1065 258
1066 187
1067 153
1068 669
1069 883
1070 492
1071 188
1072 686
1073 897
1074 52
1075 1031
1076 553
1077 64
1078 387
1079 574
1080 380
1081 657
1082 724
1083 279
1084 397
1085 800
1086 756
1087 72
1088 237
1089 768
1090 158
1091 896
1092 770
1093 216
1094 558
1095 248
1096 737
1097 286
1098 749
1099 55
1100 304
1101 177
1102 316
1103 276
1104 341
1105 680
1106 293
1107 643
1108 559
1109 383
1110 970
1111 960
1112 778
1113 405
1114 781
1115 364
1116 519
1117 744
1118 560
1119 298
1120 760
1121 429
1122 1119
1123 1087
1124 427
1125 824
1126 1078
1127 721
1128 663
1129 686
1130 287
1131 240
1132 1112
1133 789
1134 494
1135 457
1136 342
1137 548
1138 554
1139 738
1140 140
1141 132
1142 217
1143 195
1144 474
1145 778
1146 769
1147 189
1148 375
1149 803
1150 763
1151 50
1152 753
1153 11
1154 75
1155 1035
1156 457
1157 714
1158 74
1159 345
1160 967
1161 953
1162 722
1163 609
1164 325
1165 361
1166 523
1167 389
1168 131
1169 754
1170 453
1171 190
1172 642
1173 641
1174 466
1175 988
1176 1112
1177 1062
1178 965
1179 686
1180 1075
1181 632
1182 921
1183 932
1184 948
1185 1030
1186 1143
1187 223
1188 209
1189 1167
1190 953
1191 52
1192 515
1193 529
1194 32
1195 263
1196 235
1197 547
1198 1095
1199 553
1200 632
1201 617
1202 80
1203 605
1204 913
1205 439
1206 946
1207 23
1208 199
1209 673
1210 422
1211 467
1212 1033
1213 1038
1214 703
1215 818
1216 859
1217 566
1218 1152
1219 1217
1220 1124
1221 660
1222 989
1223 208
1224 1023
1225 543
1226 449
1227 836
1228 48
1229 678
1230 582
1231 1139
1232 148
1233 1216
1234 341
1235 606
1236 649
1237 188
1238 549
1239 937
1240 920
1241 1066
1242 149
1243 713
1244 1132
1245 706
1246 511
1247 1241
1248 1136
1249 327
1250 570
1251 990
1252 457
1253 595
1254 460
1255 714
1256 226
1257 186
1258 410
1259 643
1260 731
1261 482
1262 885
1263 919
1264 169
1265 440
1266 28
1267 443
1268 365
1269 1139
1270 46
1271 107
1272 825
1273 687
1274 649
1275 311
1276 570
1277 1121
1278 32
1279 783
1280 930
1281 862
1282 555
1283 954
1284 91
1285 609
1286 990
1287 834
1288 957
1289 1120
1290 147
1291 710
1292 94
1293 1089
1294 790
1295 1173
1296 259
1297 417
1298 806
1299 858
1300 827
1301 723
1302 505
1303 160
1304 1199
1305 1107
1306 598
1307 262
1308 851
1309 58
1310 1212
1311 641
1312 759
1313 528
1314 456
1315 816
1316 710
1317 946
1318 1162
1319 776
1320 116
1321 1113
1322 817
1323 607
1324 85
1325 1144
1326 1275
1327 1074
1328 473
1329 1106
1330 1047
1331 231
1332 922
1333 535
1334 22
1335 1095
1336 1298
1337 1203
1338 133
1339 294
1340 541
1341 1270
1342 604
1343 858
1344 190
1345 1205
1346 1167
1347 1261
1348 620
1349 754
1350 529
1351 544
1352 846
1353 809
1354 1265
1355 68
1356 287
1357 911
1358 846
1359 374
1360 665
1361 1279
1362 1158
1363 255
1364 503
1365 648
1366 499
1367 425
1368 867
1369 997
1370 654
1371 927
1372 279
1373 687
1374 330
1375 141
1376 166
1377 687
1378 115
1379 1238
1380 850
1381 340
1382 1283
1383 267
1384 119
1385 1053
1386 589
1387 302
1388 1111
1389 961
1390 853
1391 1257
1392 467
1393 1109
1394 1133
1395 792
1396 911
1397 730
1398 1023
1399 916
1400 866
1401 1357
1402 1101
1403 18
1404 795
1405 350
1406 1164
1407 346
1408 1348
1409 1171
1410 616
1411 941
1412 1123
1413 1110
1414 106
1415 921
1416 518
1417 1179
1418 352
1419 456
1420 1403
1421 634
1422 1146
1423 663
1424 15
1425 326
1426 822
1427 1412
1428 1056
1429 827
1430 340
1431 1319
1432 915
1433 733
1434 271
1435 191
1436 1164
1437 1317
1438 269
1439 1331
1440 1057
1441 1182
1442 1269
1443 326
1444 683
1445 438
1446 526
1447 1031
1448 602
1449 346
1450 398
1451 627
1452 453
1453 689
1454 1417
1455 1145
1456 4
1457 1410
1458 556
1459 1431
1460 548
1461 977
1462 258
1463 1457
1464 1123
1465 495
1466 958
1467 761
1468 37
1469 1101
1470 1294
1471 1356
1472 333
1473 953
1474 202
1475 1435
1476 501
1477 1319
1478 758
1479 1089
1480 1316
1481 578
1482 539
1483 1226
1484 121
1485 161
1486 1215
1487 1139
1488 557
1489 1421
1490 1442
1491 211
1492 579
1493 761
1494 352
1495 575
1496 324
1497 380
1498 1455
1499 1369
1500 946
1501 1264
1502 1386
1503 712
1504 351
1505 859
1506 767
1507 403
1508 1363
1509 1320
1510 1506
1511 832
1512 1468
1513 261
1514 1503
1515 1125
1516 616
1517 196
1518 1174
1519 845
1520 248
1521 1470
1522 1313
1523 1143
1524 740
1525 999
1526 7
1527 1226
1528 671
1529 652
1530 1193
1531 137
1532 857
1533 1187
1534 1073
1535 801
1536 1439
1537 262
1538 1448
1539 660
1540 1494
1541 931
1542 1440
1543 1202
1544 509
1545 733
1546 731
1547 1545
1548 1174
1549 544
1550 1517
1551 955
1552 1130
1553 1115
1554 928
1555 752
1556 1132
1557 1379
1558 110
1559 1437
1560 286
1561 283
1562 279
1563 957
1564 1151
1565 1291
1566 119
1567 38
1568 1243
1569 111
1570 496
1571 436
1572 683
1573 862
1574 754
1575 724
1576 1144
1577 427
1578 577
1579 435
1580 1237
1581 510
1582 887
1583 236
1584 1390
1585 1497
1586 945
1587 447
1588 78
1589 794
1590 586
1591 811
1592 533
1593 82
1594 1176
1595 1337
1596 817
1597 308
1598 84
1599 230
1600 284
1601 1141
1602 764
1603 479
1604 210
1605 257
1606 315
1607 578
1608 103
1609 539
1610 889
1611 1157
1612 1268
1613 852
1614 471
1615 297
1616 155
1617 1617
1618 238
1619 1605
1620 1214
1621 1395
1622 1268
1623 1024
1624 1182
1625 47
1626 1080
1627 343
1628 1072
1629 190
1630 715
1631 601
1632 1025
1633 986
1634 1108
1635 1041
1636 1040
1637 1446
1638 722
1639 235
1640 1271
1641 851
1642 1084
1643 32
1644 1035
1645 648
1646 1529
1647 1379
1648 1572
1649 602
1650 1526
1651 1570
1652 358
1653 1308
1654 785
1655 1530
1656 393
1657 527
1658 41
1659 845
1660 776
1661 1603
1662 846
1663 1597
1664 186
1665 1611
1666 436
1667 879
1668 254
1669 804
1670 1176
1671 1484
1672 520
1673 317
1674 982
1675 1609
1676 626
1677 80
1678 1123
1679 491
1680 517
1681 1606
1682 1212
1683 1620
1684 159
1685 1094
1686 308
1687 152
1688 793
1689 1545
1690 269
1691 793
1692 421
1693 592
1694 1235
1695 321
1696 1504
1697 1449
1698 907
1699 283
1700 1525
1701 4
1702 563
1703 310
1704 1567
1705 99
1706 1702
1707 1092
1708 1241
1709 1651
1710 1669
1711 703
1712 1631
1713 674
1714 198
1715 1064
1716 142
1717 700
1718 162
1719 349
1720 437
1721 1578
1722 1701
1723 1704
1724 287
1725 155
1726 812
1727 713
1728 227
1729 527
1730 1353
1731 1530
1732 1472
1733 1257
1734 307
1735 1213
1736 769
1737 519
1738 327
1739 1415
1740 1524
1741 448
1742 1328
1743 835
1744 739
1745 970
1746 1129
1747 404
1748 308
1749 180
1750 1603
1751 1125
1752 615
1753 1038
1754 1265
1755 1522
1756 732
1757 1002
1758 1064
1759 882
1760 737
1761 1692
1762 910
1763 974
1764 107
1765 45
1766 777
1767 869
1768 783
1769 1429
1770 1024
1771 1295
1772 316
1773 636
1774 1024
1775 854
1776 1341
1777 140
1778 450
1779 1625
1780 654
1781 1471
1782 861
1783 1022
1784 103
1785 1644
1786 533
1787 1130
1788 1378
1789 17
1790 1056
1791 545
1792 321
1793 1176
1794 924
1795 256
1796 1404
1797 334
1798 58
1799 1525
1800 1659
1801 126
1802 1547
1803 455
1804 1394
1805 1648
1806 615
1807 1780
1808 592
1809 1165
1810 581
1811 138
1812 651
1813 38
1814 1085
1815 110
1816 684
1817 35
1818 496
1819 240
1820 911
1821 966
1822 912
1823 1121
1824 208
1825 266
1826 379
1827 484
1828 356
1829 834
1830 438
1831 1649
1832 522
1833 376
1834 610
1835 11
1836 794
1837 1427
1838 1528
1839 1618
1840 551
1841 1517
1842 1770
1843 859
1844 1351
1845 326
1846 1033
1847 1023
1848 50
1849 544
1850 661
1851 1711
1852 1541
1853 1661
1854 1008
1855 317
1856 1149
1857 1463
1858 617
1859 1524
1860 375
1861 206
1862 1370
1863 967
1864 516
1865 1499
1866 89
1867 726
1868 1691
1869 165
1870 980
1871 1065
1872 957
1873 794
1874 871
1875 491
1876 1871
1877 1149
1878 453
1879 1555
1880 1033
1881 1179
1882 1157
1883 1035
1884 1475
1885 687
1886 865
1887 1177
1888 838
1889 1179
1890 1094
1891 246
1892 1535
1893 838
1894 111
1895 376
1896 47
1897 512
1898 1095
1899 79
1900 456
1901 348
1902 1770
1903 341
1904 1519
1905 400
1906 211
1907 1008
1908 520
1909 1505
1910 1128
1911 1340
1912 1347
1913 63
1914 1362
1915 272
1916 376
1917 884
1918 935
1919 1815
1920 875
1921 239
1922 231
1923 1825
1924 1057
1925 1631
1926 431
1927 1433
1928 883
1929 1219
1930 1193
1931 1437
1932 1733
1933 637
1934 622
1935 1067
1936 1239
1937 1366
1938 1252
1939 1663
1940 1812
1941 1612
1942 1830
1943 1737
1944 662
1945 1267
1946 151
1947 1162
1948 1527
1949 1110
1950 1621
1951 1040
1952 1208
1953 767
1954 1038
1955 1015
1956 1388
1957 1816
1958 349
1959 1683
1960 934
1961 476
1962 676
1963 1874
1964 422
1965 1483
1966 1370
1967 139
1968 1962
1969 1257
1970 1900
1971 1750
1972 448
1973 567
1974 38
1975 434
1976 769
1977 573
1978 1026
1979 1518
1980 1340
1981 954
1982 301
1983 1945
1984 812
1985 1752
1986 1691
1987 1872
1988 150
1989 475
1990 1084
1991 1702
1992 879
1993 943
1994 1441
1995 281
1996 279
1997 87
1998 1597
1999 1723
2000 574
2001 1468
2002 241
2003 1339
2004 908
2005 234
2006 1939
2007 267
2008 908
2009 1460
2010 508
2011 607
2012 217
2013 1584
2014 1583
2015 620
2016 1200
2017 1531
2018 1448
2019 5
2020 1546
2021 589
2022 1579
2023 699
2024 1811
2025 22
2026 1520
2027 1025
2028 899
2029 392
2030 428
2031 1042
2032 242
2033 1518
2034 1366
2035 623
2036 648
2037 1938
2038 1340
2039 380
2040 276
2041 348
2042 331
2043 1939
2044 2015
2045 902
2046 1617
2047 669
2048 620
2049 127
2050 1614
2051 317
2052 1310
2053 2046
2054 1419
2055 25
2056 87
2057 1433
2058 750
2059 1383
2060 116
2061 1156
2062 616
2063 1840
2064 1860
2065 1520
2066 1602
2067 1152
2068 2017
2069 1945
2070 1771
2071 297
2072 2037
2073 1306
2074 1051
2075 1864
2076 890
2077 325
2078 1283
2079 674
2080 752
2081 448
2082 769
2083 522
2084 1273
2085 1147
2086 2035
2087 1426
2088 933
2089 1822
2090 366
2091 1153
2092 744
2093 254
2094 1604
2095 1832
2096 610
2097 1080
2098 589
2099 744
2100 2067
2101 958
2102 384
2103 721
2104 1872
2105 1126
2106 1350
2107 389
2108 608
2109 264
2110 1337
2111 1562
2112 1190
2113 55
2114 1463
2115 627
2116 1154
2117 716
2118 552
2119 208
2120 1375
2121 1255
2122 1876
2123 1390
2124 607
2125 936
2126 673
2127 1853
2128 557
2129 376
2130 1878
2131 860
2132 963
2133 914
2134 1908
2135 1121
2136 1829
2137 1037
2138 1705
2139 831
2140 1708
2141 1195
2142 503
2143 1992
2144 2056
2145 1903
2146 1176
2147 236
2148 1068
2149 1314
2150 778
2151 1209
2152 1995
2153 1076
2154 2128
2155 1073
2156 107
2157 1292
2158 1552
2159 1869
2160 1669
2161 1888
2162 1132
2163 1723
2164 2163
2165 123
2166 1733
2167 512
2168 20
2169 649
2170 927
2171 447
2172 833
2173 253
2174 1477
2175 1240
2176 1090
2177 389
2178 1415
2179 176
2180 853
2181 1278
2182 1374
2183 759
2184 896
2185 1558
2186 1453
2187 1881
2188 461
2189 1218
2190 432
2191 154
2192 1358
2193 1156
2194 1133
2195 236
2196 1036
2197 90
2198 651
2199 138
2200 1330
2201 1070
2202 1490
2203 1484
2204 2051
2205 900
2206 1575
2207 1959
2208 1120
2209 1520
2210 2059
2211 345
2212 227
2213 1985
2214 291
2215 831
2216 205
2217 439
2218 77
2219 1310
2220 209
2221 1157
2222 719
2223 1009
2224 569
2225 1938
2226 159
2227 330
2228 1592
2229 887
2230 2178
2231 301
2232 1932
2233 1623
2234 380
2235 207
2236 171
2237 2219
2238 1635
2239 1122
2240 173
2241 1146
2242 829
2243 1425
2244 1633
2245 1935
2246 1685
2247 69
2248 2221
2249 780
2250 1405
2251 223
2252 1206
2253 1922
2254 2251
2255 497
2256 1896
2257 901
2258 1984
2259 1180
2260 518
2261 303
2262 2182
2263 639
2264 1581
2265 1282
2266 891
2267 2010
2268 634
2269 1104
2270 639
2271 1336
2272 293
2273 313
2274 1698
2275 794
2276 294
2277 1064
2278 1301
2279 1687
2280 1986
2281 207
2282 1369
2283 741
2284 2253
2285 1508
2286 1861
2287 1556
2288 1553
2289 1036
2290 2136
2291 1706
2292 2217
2293 1389
2294 949
2295 1062
2296 263
2297 1201
2298 1044
2299 74
2300 1534
2301 211
2302 1881
2303 522
2304 634
2305 1712
2306 250
2307 1803
2308 379
2309 967
2310 1694
2311 830
2312 570
2313 734
2314 262
2315 1549
2316 1810
2317 1337
2318 1222
2319 1837
2320 1491
2321 2311
2322 1919
2323 2093
2324 1745
2325 567
2326 1513
2327 1341
2328 63
2329 653
2330 232
2331 1800
2332 2062
2333 1698
2334 1821
2335 1049
2336 981
2337 1031
2338 2262
2339 1795
2340 1907
2341 1353
2342 2168
2343 1279
2344 1061
2345 1249
2346 121
2347 1023
2348 148
2349 587
2350 1354
2351 1544
2352 1131
2353 2195
2354 488
2355 52
2356 2086
2357 854
2358 1859
2359 2185
2360 654
2361 1895
2362 1202
2363 2183
2364 2257
2365 1496
2366 1499
2367 1431
2368 165
2369 715
2370 513
2371 1868
2372 911
2373 1302
2374 109
2375 1333
2376 1941
2377 252
2378 2376
2379 2328
2380 1433
2381 2373
2382 1700
2383 2277
2384 2260
2385 1353
2386 644
2387 900
2388 836
2389 181
2390 2389
2391 696
2392 993
2393 1908
2394 1561
2395 2367
2396 570
2397 379
2398 73
2399 1437
2400 245
2401 1714
2402 712
2403 2203
2404 836
2405 642
2406 1345
2407 1142
2408 1080
2409 1676
2410 1872
2411 1543
2412 720
2413 2185
2414 1368
2415 318
2416 1162
2417 635
2418 1786
2419 1299
2420 603
2421 1413
2422 349
2423 1597
2424 1642
2425 339
2426 510
2427 2410
2428 547
2429 473
2430 1472
2431 85
2432 229
2433 876
2434 2068
2435 1255
2436 2178
2437 196
2438 163
2439 2369
2440 20
2441 1739
2442 394
2443 451
2444 1255
2445 1577
2446 2129
2447 10
2448 1474
2449 1748
2450 1705
2451 1053
2452 323
2453 451
2454 840
2455 78
2456 1396
2457 1983
2458 773
2459 2343
2460 2308
2461 2167
2462 1286
2463 2182
2464 42
2465 751
2466 187
2467 449
2468 836
2469 1437
2470 541
2471 583
2472 799
2473 1921
2474 328
2475 2075
2476 250
2477 1358
2478 1382
2479 1670
2480 289
2481 925
2482 689
2483 2396
2484 1725
2485 310
2486 460
2487 1759
2488 210
2489 1743
2490 1015
2491 1391
2492 2030
2493 947
2494 270
2495 1109
2496 768
2497 777
2498 1736
2499 877
2500 1618
2501 2144
2502 2440
2503 35
2504 534
2505 2357
2506 1239
2507 289
2508 712
2509 790
2510 2469
2511 1011
2512 1175
2513 886
2514 1226
2515 656
2516 2063
2517 2360
2518 680
2519 1007
2520 945
2521 124
2522 547
2523 2425
2524 1874
2525 2112
2526 89
2527 1354
2528 1243
2529 1169
2530 928
2531 1805
2532 1011
2533 431
2534 258
2535 1882
2536 606
2537 2146
2538 259
2539 548
2540 388
2541 402
2542 2517
2543 104
2544 705
2545 254
2546 2418
2547 1233
2548 2320
2549 2126
2550 2503
2551 1961
2552 957
2553 542
2554 397
2555 1611
2556 2190
2557 1196
2558 2269
2559 266
2560 560
2561 1030
2562 2012
2563 503
2564 570
2565 646
2566 1583
2567 637
2568 2239
2569 97
2570 1210
2571 2052
2572 276
2573 2289
2574 2203
2575 2468
2576 462
2577 42
2578 888
2579 1896
2580 181
2581 911
