1 1
2 2
3 2
4 2
5 2
6 6
7 2
8 7
9 6
10 8
11 2
12 2
13 10
14 6
15 2
16 14
17 17
18 4
19 4
20 17
21 2
22 7
23 3
24 24
25 5
26 15
27 17
28 22
29 5
30 17
31 27
32 2
33 5
34 34
35 22
36 24
37 8
38 31
39 22
40 21
41 35
42 3
43 4
44 15
45 37
46 25
47 29
48 22
49 17
50 45
51 14
52 11
53 25
54 5
55 17
56 20
57 47
58 51
59 14
60 44
61 59
62 17
63 25
64 52
65 50
66 14
67 7
68 65
69 41
70 63
71 30
72 23
73 35
74 6
75 14
76 10
77 75
78 38
79 62
80 58
81 81
82 4
83 18
84 28
85 3
86 54
87 34
88 27
89 61
90 13
91 37
92 54
93 71
94 42
95 58
96 88
97 61
98 58
99 92
