Case #1:
28006.5389201
76187.5534947
105851.5253176
35677.2453829
34155.9129870
29762.5407331
32412.4827814
27352.9390939
42970.0243275
83240.1999390
39515.0415074
96695.3022901
89839.3375362
118112.7464964
16435291.7824451
27479.2058469
12173.9157465
25706.3229881
72685.8064880
21377.9375774
25740.7068547
54727.7869518
21966.0526412
29753.4890114
3292.5764239
224.6273871
45082.1721881
51536.0534150
52675.3503009
19755.3256492
84136.9193535
32138.7915261
61279.7593863
27704.4154752
6057.5138296
26237.3514468
234851.0168369
26964.8087782
14042.7349886
20339.5102259
45141.7218084
36397.9640076
102191.0797447
32496.2542925
38602.3192945
25151.6685168
20768.1357882
310713.9971701
19001.7103732
66403.1824162
24159.1540741
64089.0025290
42223.5670190
116569.7800967
13128.8005773
28870.7962760
325551.7249903
30164.2739269
27077.3601039
954992.2456121
121895.4541112
13470.0183539
163363.8490606
35346.0055926
1387.0085863
1674.9014989
21699.1115078
37267.4967018
11871.3349229
33627.7855291
14105.2992874
26828.6038520
44590.3694505
28683.8603064
17283.4796577
133793.6794887
35675.5271150
9520.3076612
32080.3240098
Case #2:
5724246.6753277
181.0165738
1.0000000
Case #3:
5635.9319427
8386.9034610
53536.1023142
5635.9319427
10907.4511230
21447.0156651
7847.0095114
193.5091926
13707.5999831
3683.3794863
447.1957066
4625.9392534
6667.2426278
5644.7383141
27443.4319167
33319.1437428
548.3990419
8954.1822656
72.3730637
2650.1328949
1877.8557956
11722.3071289
49175.5547753
36873.1592923
2916.9029475
12511.0355957
3683.3794863
241.2802461
3520.2502949
49882.2469120
9708.3474830
265631746.0000000
24161.6803453
32596.1801284
12511.0355957
5091.5404241
318457139.0000000
5635.9319427
24161.6803453
2107.5731187
36873.1592923
10907.4511230
14567.3143201
754.3577533
5.0000000
27443.4319167
34290.5562602
371443.8076547
2457.1197377
241.2802461
4137.2893129
846.0354602
12511.0355957
15545.1026372
18278.5721292
34290.5562602
1330.0000000
18278.5721292
18278.5721292
41.7306563
382667.4994833
570.7451969
2241.6202529
8258.6022168
5363.0561177
12669.7492062
15545.1026372
3683.3794863
5363.0561177
9067.8806526
64328.9990224
2968.2475440
7364.2016625
12511.0355957
Case #4:
66430.2453194
110309.6631063
43025.7508516
166670.6565149
59577.3005888
89864.4242434
46452.5321847
218332.2331824
55026.4970257
23418.7823569
90373.1084983
46878.7857965
52986.7160263
44960.0177337
32909.6236680
60023.0359618
20909.8937889
113486.9478081
44819.8819527
65162.1011435
92274.8514681
83765.9419112
50392.4941581
47866.1778247
50985.4178026
60378.8985063
65604.9906906
47635.4020654
200365.5267268
59161.6583343
52081.8805006
58567.1538697
2468.5344812
63835.4858881
57767.9457016
9671.1099699
133899.5243640
45331.7118670
79580.1243000
49698.3253103
60430.6982986
78701.6746617
48129.9669255
53131.2041424
71511.4753968
54837.5798899
49683.9151859
72765.5033817
55006.9312946
50220.7476518
76301.6815915
3641.2389755
50458.1038681
60926.2570295
75630.5093434
60823.2779294
58746.5387267
57335.6313802
53939.9237500
67652.6192779
66222.5428485
53584.2152172
67099.6347286
16384.5664091
39818.9316449
58912.2003347
15891.2983429
48354.8798952
51507.3287386
11192.1292084
94106.9323139
82151.9315813
82287.7019866
23612.9802630
58554.5648266
87079.5673785
193684.3355527
48609.4823539
45279.4574918
33723.1222772
44484.1016898
54114.5169097
62395.1786034
46266.0539519
52284.9243375
118174.7621563
54013.3452070
52638.1299947
49229.3995756
61599.2639846
58837.2889325
52344.6605988
44796.2238557
101872.6501683
89194.1796374
51077.6831843
22467.6185330
53799.6456089
63146.4891300
51558.3128346
Case #5:
521524.3607238
51.1154733
1862.9963258
35937.9174516
94208.7001449
89233.7446721
5482418.2652977
137696.7922071
73873.4384046
339.4595303
57838.8423966
1542586.9317466
122269.0368535
65716.5214720
165810.8744568
44253.7228955
71405.4090081
443372.1595063
18069.0176488
456114.0777553
2843.6238024
178657.4236744
57822.7746821
1874.2759487
59298.4352743
102557.9219596
72660.9893024
709062.6064624
8362.4615408
54811.0041830
521524.3607238
753746442.4690856
14685.7983104
31688.5386292
11140.3595183
1646.5650242
79565.1305393
13594558.0796221
25725.6935767
102842.3523647
29089.5806676
368785.6176365
1862.9963258
108635.9159444
2944.6592665
14463.5783180
36120.0000000
117682.1854137
363851550.0000000
11017.4379072
45143.1980156
70275.5406491
37701.0212284
7088.6049880
179561.2231485
28774.0654701
46417.3178911
75546.2110570
156541.0641891
878218.0063229
9529.4136163
39914.6152930
8507.5581342
22914.2875889
15541.9961927
117509.1771839
Case #6:
21349.6852848
22203.6316647
33565.6547818
15735.6058717
3284.2062981
74092.3585399
12619.3872964
3355.4866368
19445.6089573
7465.7626982
9633.5395479
4782.6203917
10233.8905310
2.0000000
7456.9152846
18091.3262282
25130.9481294
25703.7770590
676.1822685
15318.7026951
14670.2243609
13406.6957874
16678.3603611
9686.0767932
17530.2065338
2310.0000000
7351.8302053
14442.0427458
18341.0223261
14083.6298693
91759.3346574
7128.7113622
8250.1269982
4534.5061583
17933.6666658
5895.1181150
4928.8547689
6.6038545
622.1269967
42143.9824031
14219.9340802
16678.3603611
7707.2270287
56318.8443434
36635.0399983
51100.1117949
18955.0443764
6082.4473299
6414.9838168
26979.0476304
7784.2614419
23095.8636989
13440.7723174
7128.1735125
28027.9143645
13043.2871282
10966.2492940
6292.9144679
2997.8394943
4022.5619077
13882.7349532
20362.6794023
3587.4445931
17058.6766428
21463.7155258
11600.8617486
4120147.5097336
18241.1985196
336456.7605249
5903.3428934
9654.8983442
12759.3725209
34249.0020682
16089.5556072
26871.4164024
2480476.0575243
5778.6499281
21220.7732538
1096.1372118
24955.7951468
121587.2513543
6502.5590662
12981.6707924
15841.3409735
6893.9407512
25519.6409329
4876844.6882741
7837.6703096
1027798.3882662
26154.4696552
Case #7:
66997.4130075
10465.8291517
7862064.6097638
17811.0294759
16990.6127220
30934.8766254
23734.4688226
1239487.8852819
191968.6454780
20352.7322826
7859.2991341
46095.6241115
365095.6601954
56.8197924
52342.6580907
159065.5829497
12818.1757862
224394.9220615
25995.2395752
53855.6664694
38094.4464725
9032.1125972
3262.7912965
15632.5675504
297919.5681494
33596.5958957
91353.1358190
3214.9376770
20214.4527329
18265.2299215
63436.5356070
310086.9292794
16412.7049894
3309.8902539
26409.1039725
14801.5525072
12456.0742601
27476.5335841
2931.0923998
23124.0917227
15611.4299877
4203.6041596
4501.5401827
26963.7051544
26135.2065845
Case #8:
55754.9293167
36640.3684019
34528.2401800
43047.8384845
43176.1189344
59749.6315737
33046.3002578
27828.3501982
49567.0407888
44625.0978823
24211.3180509
38125.9356119
33339.8779561
38245.0444161
30544.1700119
40048.8847028
44058.2352601
38648.3938619
36631.7925134
41737.7372021
30891.1305968
42424.3848076
59200.3191335
23542.0848034
41662.0660053
51951.3433159
41377.7722554
42024.6092333
40488.8212351
26476.4442008
43205.6344216
43352.8908397
47865.3569113
37225.2394296
69306.1536969
38268.6688365
37175.9062894
46443.7170392
73639.9390144
46396.4158776
34189.7660454
34970.8583161
30267.6313580
26433.1892295
42066.1468624
36338.2237873
29837.5863474
43423.9818871
14205.9955289
36006.1515274
43212.0360108
31318.8750165
32210.3416414
11659.8422724
44099.4000040
29467.3226566
28166.3296671
18097.9758330
38142.9516444
14951.6214043
40664.6152621
61259.5106440
37564.4230399
45039.6412518
45230.2535515
29400.0134677
41016.7563956
47127.3471898
24754.1679909
28531.1718868
35523.4010846
43139.9872493
28287.5893389
52527.4455339
48121.0290665
32521.7596853
108246.1686398
116902.1864985
38291.7569966
57958.1692047
38291.6624371
39949.2948129
33732.1734757
49637.6672416
29681.5203511
37811.3555637
32111.8424553
43878.1809726
44875.6898248
23282.2730237
50626.8337996
2362.9582637
4957.0489082
39237.3399130
26736.4375082
38786.8922934
70111.5443642
58819.9358394
30393.5923071
41397.5556879
Case #9:
21027.5780227
21623.8515117
23259.7006819
1450209.6070009
48418.0993017
9630.9202126
35132.1406151
95108.0092504
17067.9326857
29034.2401247
14302.9874373
1133.4531830
21622.2026018
23362.0702156
42392.5409822
6975.1475405
24349.2138726
25204.0281960
22803.0421666
32686.7318742
22892.9740978
29122.5417296
15956.6680593
18864.3335749
20970.0304130
33581.7373900
13558.5169861
50984.4917373
34712.0184312
33261.6750425
31881.1873104
41385.2932654
34390.9355249
70907.8995131
209994.2255716
26736.1113096
36369.9388983
23003.9079837
37233.0138719
18282.2070536
28297.0187645
17737.0386799
25586.7241628
12151.2576486
43608.4468588
15168.3716508
18258.5488129
17473.2020111
25917.0631663
9123.7273362
23681.6253460
15870.5810105
19974.0935774
19870.6298261
24982.7246807
35226.4908601
25231.4637163
65439.9565894
19545.1837633
20863.3026494
15250.2065978
110231.5771160
2939.8258840
14938.6206070
10877.7854464
15066.2911479
24648.9883952
25223.1118844
117043.9095249
28331.8758735
21097.8932177
197405.4321422
21426.0643301
44825.0000000
26160.9392845
22910.5302470
24311.9338964
24350.2482634
8123.4274667
17204.4457957
Case #10:
426396.2948351
37231.3863291
1010822.1488552
16298975.2694144
50.5838231
171649.4137718
507264.7905840
2.0000000
24626.8092533
80130.3105677
869091.9253766
178924.2602483
169167.3759669
28317854.4280595
35253.0224512
2361.6401910
60915.8610336
648587.7870105
1435898.8411125
51501.3099328
5620345.1250673
350546.0701112
517602.1732706
1782814.2802431
2504317.8778089
51214.8327486
3483092.4609132
29378.5866959
3247.6183335
179187501.0952557
545018.7326100
140220.3184530
69811.0537561
151583.6877965
40802.1082666
150983.6759789
35253.0224512
923878.5419944
417072.1681224
373777.7135487
680371.5721447
471061.0714103
151583.6877965
484423.4899769
11352583.4129959
7203435.1915533
Case #11:
53399.2136403
40965.2562186
19437.7452228
43568.0106275
30617.5756380
18128.4546684
39562.5572373
657132.3279699
7758.1137576
38036.0706941
47113.6066251
23977.2784465
64347.3682009
32964.5772389
48484.0820313
120434.1027551
38094.5062619
12572.1794233
413158.5558549
47754.9664747
38192.1914913
37003.0337827
24049.3186373
77021.6440629
8951.0429524
33521.4963934
29606.7467770
51487.3560129
36984.9489940
36029.3840288
20778.5970627
41790.3610930
41495.8623384
43371.1047363
90368.7517340
176388.7335781
44903.0576958
78393.0139793
69733.2332692
22718.5117216
41348.8037446
6874.2608107
18359.3354310
31107.9599431
108038.8375320
55522.0925156
27298.5764286
21171.1076164
90914.8570206
40062.5980710
45020.1526776
37672.0684982
49298.5045470
59261.3238429
34655.8249098
42257.4321036
39935.2964454
41818.8917302
56016.5441301
33496.3783325
33172.0012877
130009.8920412
13599.3084425
26732.6065878
56697.7582591
42487.5161706
53367.0117664
221309.2385720
121145.3943753
34018.6802168
54488.1425113
42306.5402728
31934.1347055
94115.3829464
61980.1557046
34969.8967744
18621.9956731
35506.9085192
424774.3151414
40672.2506642
40604.0148065
44983.5118857
74678.3373624
28104.4941234
25384.0214587
39967.1547442
39661.4837287
40107.6932495
26578.8382675
30449.4903237
34819.3042681
209905.8076962
25904.5847399
37945.3509209
37066.4926572
43619.7057894
7026.1476125
81877.0910600
31640.0272989
7759.7338552
Case #12:
20152.9571927
153.1502354
65592.1012372
64709.1432901
66022.6587664
38375.9728677
Case #13:
10627.4979751
1804.1238894
26711.7710633
8209.6938036
51960.3153537
19788.4951390
4160.9077391
12757.4920483
32219.4772987
2929.7789392
28722.6924727
38023.9326261
15483.8421945
27779.9992996
24826.4644664
6829719.9501219
16117.4378109
14684.6081052
6866.0382573
13376.3002586
16371.8223915
39374.4388876
8550.5041333
19938.5113537
47498.0000000
21129.0187590
31285.3589125
7968.8671075
51896.2772749
42756.1861021
34917.6277401
9355.5802048
4113.9405762
9967.5316099
10503.8520938
9299.7979252
62228.3451275
25967.8726447
10931.5755365
3120.3416264
4645.0916770
64184.6936400
64735.8903381
210.5683234
8274.0823441
8786.4136911
41932.4636494
16632.1790469
5617.1593560
20983.2349607
8044.8479449
207301.3718578
5467.7723642
57367.1828026
167138.7177768
9.4868330
775382822.0000000
31412.1426141
5315.2475171
10033.5362307
52368.6934820
7638.7661219
16925.6740511
11117.7381985
54083.9296286
5430.9116480
176520.4176501
473371.8734262
33930.2748309
4719.5170892
13961.3425623
7802.5129917
12022372.7984941
124682.9960381
10752.3896703
19555.3673821
11437.6329536
13811.2895393
9452.7353430
34844.3722412
10245.3141506
30854.1859482
28497.1044189
46229.5376088
4054.4937102
4692.2748268
2568.7695613
31105.5571025
16560.5052461
4054.4937102
15401.5323947
5061.4900365
10624.8800898
31008.7582983
8978.3359920
18016.9148925
Case #14:
8759.2086009
19340.7314604
40682.3589301
17362.6605416
7718.7483742
8767.1208854
16483.9103545
28394.9104214
15827.7039061
440.7488973
196187.7065681
36575.0841400
31415.8665747
10290.1233285
4301.8951516
101316.9385270
37756.9056883
25656.1018478
22036.1114474
6517.6085185
Case #15:
93031.6526021
4909.1670705
13351.6056555
29053.2326245
54581.5854812
55534.3586795
8482.5609432
56617.0675327
8980.4933387
48332.7496611
17316.3115509
94405.8316185
18825.7671060
1459.8698008
41340.0124701
11062.3754966
10237.8480565
1459.8698008
4451700.3670041
13913.0890765
3257461.9145282
65148.9639220
37950.8674003
7388.7789799
10316.5827806
7818.8245892
36866.3310288
4873.1341392
13671.8154773
42410.6080376
50047.7117418
10010.4301976
52148.1141592
16175.7445941
19095.9594144
6071.0693498
27197.5142246
54913.6317176
8724.9343417
31218.7911450
20522.6101230
88137.7750903
12153.0647910
7784.9028503
599.4847098
8724.9343417
20432.6351962
41760.7220622
Case #16:
50740.1852754
2372.7555704
81378.3047693
91785.5623120
14016.8009584
50486.1698161
40237.4826147
46973.2886204
52711.4690294
26197.5786333
56607.5163764
6466.8765387
22886.3274713
46298.3708666
37837.9339898
34268.8620328
57275.9760371
97855.1741478
103726.2248616
41797.5165608
57337.5828930
87376.1495193
53983.7777682
19798.7243318
45237.8413290
55368.6632960
67378.4798785
28712.0883894
32952.5477513
56958.7466296
45810.2763534
52133.9947512
93135.9116947
51824.1500091
50650.5048319
17819.1163747
8121.6531396
60162.7227260
38738.7254621
15249.7883323
69992.9707097
30203.3280378
70778.2769863
42483.8763979
47159.3888323
37578.2259897
73037.4013317
46283.4908155
64435.3353642
50256.8831149
74216.3612872
126529.6500663
221524.6762115
68443.3970017
65100.0923989
53716.6849332
65550.5541757
61786.4681508
46767.5241312
45694.6464599
50979.2815303
51167.2200162
51354.7547989
43699.2327131
46609.1535667
43703.4013248
33788.1848670
42695.0982232
1178875.7880046
59399.2805939
39247.8136727
4076.3986897
48412.6327981
38444.6850788
43782.2822331
61612.6704776
38092.1972736
89996.8615298
9296.3237153
56220.3854201
55874.8102546
67754.6987582
146273.9124500
56252.2939436
53924.7628064
35600.3975911
52550.1978769
717583.7710139
48467.3685463
41040.6045237
44588.9171506
51515.2351359
25858.5030640
47550.4744456
55170.8817641
56154.5378301
83501.2136757
70358.4639566
43815.0877334
68725.2758355
Case #17:
92872.8190008
94895.5865126
4234.8594861
47850.0361892
4343.5334376
92600.4489950
74649.5722336
109944.9524358
322146.9801975
249425.3169381
11456.9367634
66607.0450363
40040.4436325
3543289.2691987
18548.4453186
103430.0701325
18935.9792296
66134.0223426
63651.8940528
106584.4953773
92031.8973040
50591.7037963
37631.8655109
2979.7696745
1037777.3601883
57733.8348230
101633.2571038
108591.2353266
101404.5776294
96778.0135432
86753.6940526
279422.6366317
99170.0011695
49656.9545195
78622.2628354
50611.1248341
57996.9416345
30571.2557181
64085.0165403
89750.6963075
11685.0252912
56037.0000000
54346.1986873
262883.3917687
95779.1431321
9.0000000
102661.2012783
Case #18:
9.0000000
60870.2344532
1949157.9268837
1573208.7909994
862541.3890217
9504975.9556476
674399.9990619
1146521.7416438
337066.0998819
915773.3775420
488423.2298563
494641.7235294
1146521.7416438
74100.5109901
674399.9990619
398196.9514531
551298.9365418
25561814.6515491
389.8153409
1251720.2725854
1949157.9268837
60870.2344532
1935626.9232258
378469.0863857
925360.5726699
4082411.9200038
862541.3890217
398196.9514531
825164.8065898
4552313.3515404
296718915.0252858
1935626.9232258
4252624.0245433
170735.8992259
650539.0464303
1875731.0093717
74100.5109901
1875731.0093717
1443965.1447313
829547.2375797
83596.0000000
145457.0507490
58435.3701042
4082411.9200038
213402.3505785
389.8153409
190899.6653882
581409.5125452
5723.0321023
446082.4547748
283040.7479882
46052.1358359
309718.5499628
551298.9365418
190899.6653882
97823.0000000
250700.7572693
4252624.0245433
39610.6105785
6357758.1820712
2630124.2580014
9504975.9556476
296718915.0252858
97823.0000000
190899.6653882
81967.0000000
1573208.7909994
4082411.9200038
862541.3890217
457868.7069815
276895.9448621
309718.5499628
4552313.3515404
446082.4547748
283040.7479882
923551393.0000000
3669.6809301
4552313.3515404
378469.0863857
16630.0000000
46081.9019139
1573208.7909994
370733.0484708
551298.9365418
551298.9365418
248331.5791622
Case #19:
4640.1970789
4.6415888
81.9928847
4685120.2705942
2.4494897
31824.9603299
1481.7961313
7382.5011762
386139.5690065
711.2819569
5994.3971632
4.6415888
42603.3330252
9118.2325324
2699.5837619
353.2221331
1601.3612296
4685120.2705942
1683.4639759
65.8578628
1481.7961313
147.9778718
2006.8166926
186.4002416
1407.3039608
7.0710678
13744.6720005
231.8619977
2006.8166926
3.4641016
2.4494897
27973.8090541
2.2894285
2736.5994007
44446.1171329
7220.8742561
38777.4341636
2006.8166926
8507.3620508
13744.6720005
23481.8367684
81457.3899656
474.7177406
1658.6834024
2375.4246103
2575.6609080
27561.2241201
40323.0679572
1407.3039608
1961.5133460
1482.2717852
81.9928847
113700.5548389
2211.2356395
3.8729833
4640.1970789
2758.1031476
2006.8166926
3186.3648198
186.4002416
Case #20:
10714.6630903
12647.9198922
9820.7625210
51573.0032764
82040.7306252
50018.7866995
8852.3435734
23374.3290010
25998.3996292
16569.7545704
87283.3481405
8852.7601461
26226.0175830
35201.2860350
33724.4112887
41321.8111840
9545.9033865
20950.7535237
5178.3663765
37667.8909029
15500.8293462
683695.2917751
Case #21:
999999500.4999589
999999500.2051600
999999500.5510598
999999500.6799979
999999500.8493520
999999500.7808653
999999500.9878895
999999501.1016713
999999500.8074176
999999500.7991540
999999500.6949054
999999500.4367671
999999499.9574494
999999500.1458570
999999500.6439748
999999500.6832087
999999501.0599234
999999501.2227437
999999500.9296911
999999500.9275835
999999501.3601644
999999500.9100720
999999500.7555847
999999500.4216596
999999500.0143037
999999499.8676500
999999500.1087905
999999500.5713862
999999501.0256799
999999500.7311662
999999500.8978952
999999500.5665224
999999501.0826049
999999501.2171272
999999501.5517215
999999501.4134295
999999501.6088791
999999501.5181329
999999501.4240758
999999501.6815430
999999501.4468317
999999501.0687819
999999500.8652997
999999501.1420704
999999500.6851039
999999500.6491771
999999500.6875923
999999501.1563103
999999501.2205455
999999501.2470655
999999501.7157474
999999501.2254596
999999500.7415119
999999500.7528602
999999501.1606351
999999501.5840856
999999501.2351276
999999501.1229705
999999500.8842466
999999501.3644648
999999501.5520866
999999501.5601311
999999501.2078465
999999500.9572697
999999500.5426954
999999500.6106544
999999500.7783353
999999500.6076759
999999500.9656227
999999500.4682729
999999500.7741504
999999500.9687403
999999500.7187078
999999500.6612282
999999501.0247957
999999501.2183343
999999500.7391378
999999500.9208683
999999501.2505015
999999501.1834553
999999500.7510484
999999500.7747130
999999500.4792620
999999500.3358370
999999499.8143668
999999499.2709925
999999498.9244643
999999499.1642503
999999499.0514911
999999499.4785532
999999499.6955577
999999499.4102972
999999499.2686803
999999499.3152822
999999499.1544825
999999499.4419496
999999499.0021716
999999499.0265359
999999499.3214686
999999499.4206009
Case #22:
28300.0419589
43216.9386440
26314.2725442
27958.3750975
26690.2852864
23491.3847933
31597.5516876
30330.7592787
39835.5389053
31380.5434961
16427.2180693
28381.4290953
26615.0729715
38695.3250192
31650.6546603
43665.5344395
25491.9725611
30588.0649914
30161.9746900
174286.4540213
11718.6623748
32591.1188455
4423.0907187
19046.0524909
36169.7923260
204667.4265323
29029.6192062
43132.3920894
21983.9067143
20101.9388913
12605.7406355
32281.6558815
22774.7370683
28906.0397674
31982.9253050
26011.8535741
7925.4397453
29580.3419676
147038.7913715
50754.3862874
30467.8283862
31450.5076915
26510.3600727
24041.4989836
29456.3964550
26980.0626359
31015.1608727
16956.1982872
34699.6624544
36612.1714378
27392.8256845
27201.7719193
37362.7801871
99522.5802797
45599.9907726
23211.2377348
53284.9803897
25212.5731693
38562.9384054
39601.3080027
38256.1194641
26618.0132052
25672.0533313
24206.4369251
29074.8335920
27167.0999310
21211.8293214
25607.8362433
28512.9426738
28181.2146658
1866.5955372
30643.8742920
49941.4896784
81023.9078210
27345.7859034
60274.7719124
31105.2968619
26727.2954485
24878.2583083
32554.7768514
30010.4952263
19928.7205497
30424.8225486
46953.8639129
33166.1666015
24841.4534425
94754.7801814
26981.7873683
34881.6753070
31044.5456081
35783.0955163
28556.5647679
36241.7429771
18683.6954484
28921.5949722
25007.8250565
33804.9760171
26471.2743093
35889.5301128
39073.5030121
Case #23:
17883.8057095
104027.8116292
8843.8635974
20820.1283525
13891.3722440
22862.4406595
54214.0472621
35948.8335341
6090.4815194
122.4069683
4998.8936522
12674.1471250
731.8409633
54725.9572726
4315.2995901
14009.8086571
18276.3422282
19953.4394717
378748.8203024
47064.6117261
1303248.8983033
5098.9732966
818378.3161779
115393.2265934
54567.3039118
33791.3650137
55624.4313122
43158.5511128
38516.4903240
1188.9360368
34051.2738070
1905.1746391
73063.8881521
932330.3276764
48893.0768577
12602.1839807
19642.8420570
277326.1132404
1225.6284471
6844.7132521
23544.2061441
63535.8843886
13515.5228274
23921.1445720
42349.9630089
28554.2691758
43.3385924
38789.6666805
1829.8007402
23409.0678662
1289.1139991
67476.1291748
70740.4239061
9342.5060721
230.0062239
270287.4710004
32222.0232844
27853.3338378
8700.2639455
14042.6532891
37406.1396706
88933.3626441
5241.2595421
17823.4338501
34127.3523251
2037.3274748
862452.1715666
18567.5738509
122896.8669194
132527.2923177
Case #24:
1.4142136
2.4494897
Case #25:
77900.4342667
97884.4609053
26923.8368683
92194.6364584
21867.8957488
30102.9076522
2352.0725932
15357.1935241
89522.9303837
47944.9270422
80432.4883239
54235.7827932
7137.6779676
30187.6812505
89069.9016471
52478.9234284
46815.3944934
62675.5404096
47588.4061325
34407.0233978
39784.3722413
64787.0753002
3246.8659277
71423.0621684
38353.6183364
120321.5676257
29246.1268948
42176.7167010
35388.7531357
32078.1227627
48495.5706877
55296.5376908
49469.6409062
43767.1931943
43817.7660404
34887.5310291
73211.9580052
49689.5257930
54181.4511581
33442.4945501
129214.2231665
9839.4079699
25840.1275586
24664.6058452
101503.4455756
24325.7861118
82979.1495800
31713.2608112
3250.1937135
6943.2821881
169230.8866258
69777.0150120
25169.6092422
73970.2655515
86509.8008594
122252.1432708
23795.9190581
54969.9709915
1685.6623176
48903.6366361
9655.4076718
26321.2282401
494.0131343
388473.8821953
47057.9025165
159341.1303961
66689.9620661
71075.7210063
28901895.6360737
10148.7550878
36791.3350927
11201.9462643
24256.3912838
10110.0782008
1093886.7308785
15894.5033314
42887.9992610
140046.8218943
33794.0886949
87773.8166111
5882.9974215
125540.5887865
Case #26:
5443.5466300
16299.3913997
8428.6853786
1057.4086770
6784.8709354
33365.6940227
6528.5860757
3448.9158841
4870.1882628
11127.7145908
5610.8197731
9140.4494353
2.8284271
3987.4310164
3332.4724197
6342.3323880
37729.9430612
905.4043231
289632.0302200
6523.0815892
7451882.8592947
139660.2777621
10353.8614757
7551.3590593
35186.2377456
53914.8834005
10343.9622313
115299.3090385
550.7721049
26323.6184332
1117.8389970
6738.1685770
12730.5663229
28640.1208675
20653.0101830
3447.0837212
9138.3620769
14126.7041015
10220.1811376
6482.7750427
33233.1544623
6731.8103412
32459.6369450
3964.9466274
25168.4616822
2169.0071796
9408.0106154
4110.7359444
13482.5626430
3438.5125056
4327.9917185
37762.8574417
541284.4248313
12836.3401818
Case #27:
4687.2000263
5741.6684978
3594.0998621
23719.5010449
14125.8168997
17980.9100203
14596.1301164
2078.8011275
19217.0086652
11345.0876103
2817.4941982
23606.6072016
290037.5952465
2391.3019718
4797.3292913
24244.7785569
6326.0428564
39908.4889093
4662.1619483
Case #28:
22105.8388036
205784.3887962
4721.5065471
13164.8911027
26765.4885506
20524.2023776
285099995.6303083
12566.9730977
18352.8127736
124324.3694953
55963.9829327
26203.0317491
739.1492540
32616.7509849
Case #29:
122070.9654161
145898.2897058
56489.7498192
27128.4952669
14089.2963911
29345.7957130
29476.8626264
7777.3831307
90550.4617808
37888.2503802
Case #30:
9137.1636977
19887.0508175
51716.7826149
533.1903975
11350.6187979
34611.3888626
9474.8051266
35810.8846051
18387.9754441
94.1207893
8.0000000
37961.0555947
61180.3045119
199278616.3401716
198808.5751792
30065.2629905
137529.2597263
22912.7584561
34154.0076069
33920.4931165
20382.1956357
14513.2662085
2401.0458334
6817717.8404221
22662.2412343
22857.1119919
13478.6262618
49172.5915837
50689.4066447
21898.8045009
61587.1131600
76298.1645877
4932.0953546
12731.7922909
29745.4841152
17008.9210235
37961.0555947
24025.4341967
153946.3996786
79.8118529
55634.3702727
630047808.0000000
518696.3057996
6338.1338803
5.0000000
268.3822105
46534.9221661
20722.9195051
336.1179620
52887.7740570
11095.6541348
31282.8747162
317.6759355
2132.1022721
57860.4997880
109096.2979233
630047808.0000000
27108.4784152
56110.2107601
1313068.7055166
54098.6746738
8.2767725
108089.3237749
13416.0123034
144632.9374225
41149.3743519
19993.8043782
39041.4411484
24225.1609124
36385.1601829
16275.2531741
42498.0999721
17330.8440664
24262.3716994
20060.6079681
34577.5683466
52322.1001567
17083.5870984
42976.7641205
22778.2990452
36593.1640171
1931.0624041
25456.6756459
28572.2696405
78680.5859024
19559.4425646
Case #31:
9.0000000
412.5190905
9.0000000
412.5190905
412.5190905
2331.7367385
412.5190905
168399365.0000000
818.8351482
9.0000000
412.5190905
168399365.0000000
2331.7367385
2331.7367385
Case #32:
17453.9004407
4617987.1257691
23534.8921314
27929.5026227
57612.6443528
189119.7769116
28705.4934668
5708.8731147
1460341.5942890
14145.8576280
19244.0583881
4930.4676814
17815.3239858
77649.1608988
40950.1313834
57949.1358112
52853.3554423
2513.7842963
40539.9490864
66344.7748241
7446.7526656
16644.2664744
1520.1231896
5867.5435692
30882.1519945
39863.6557717
2579.5776565
32735.5076438
33231.4809662
41615.0885514
19411.1652572
384945158.0346972
27701.8798816
41892.8550265
22389.4996021
844.0458350
15844.4109073
119697.6862753
52853.3554423
31237.5971950
18509.9125164
1072.9063672
10772.7483144
31714.6197272
371454990.1964694
2151.3503755
32.9955399
32.9955399
42365.0168244
27268.3110972
27474.3602879
24365.7646807
33231.4809662
5575236.5148266
21218.4317179
29683.0272518
10381.0198044
39128.4138562
21986.3689148
11425.0672240
33277.2621309
26572.5848112
77649.1608988
5408.3989757
57143342.0000000
28331.5954683
49014.3624156
20353.9663703
5105.7933620
10931.9174597
5888.5145671
1531.6956865
30500.0733788
42037.5251925
93150.2680383
20373.9893052
23883.2298373
153892.3548648
14986.1701462
3122.6078787
10421910.7283000
4434.0299928
41646.4088630
39042.5994097
12758.5689047
844.0458350
5205.9177213
2941.6456572
17874.9935498
34056.0762085
Case #33:
585154946.9484327
731386689.0000000
7.0000000
79129.2415419
6804621.0134389
1431164.5557676
585154946.9484327
731386689.0000000
894490981.0000000
1431164.5557676
1431164.5557676
585154946.9484327
57246.1619587
1431164.5557676
731386689.0000000
585154946.9484327
79129.2415419
894490981.0000000
57246.1619587
6804621.0134389
79129.2415419
79129.2415419
79129.2415419
1338278.8073439
7.0000000
894490981.0000000
468160437.0000000
Case #34:
37082.1155099
39814.7488791
40209.1279971
582161.0863464
40462.2682955
37492.9507485
22380.0740522
43665.2020845
39370.5085746
41037.5946038
44497.2993976
34279.9054031
41503.2828363
36260.6161795
40662.4851826
21924.5404210
42778.3454147
59651.3626661
44137.2932396
44810.1093456
40749.6837467
55868.4182276
33904574.8838435
49244.8159040
43387.7137140
47782.6213750
62386.5504552
39020.7650354
38185.3436438
46519.0031374
55677.0430858
62072.5378981
54735.7245738
39540.7130890
26615.5090903
40822.3976017
212073.1174961
41531.3340496
41587.4848749
39711.7323880
35293.9495075
45979.9380580
40291.4616012
36557.6103545
38400.2322093
32877.2026927
68408.5130174
61336.4635469
39653.0277953
33356.5653823
35823.6420798
41907.1604276
89110.3271840
70561.1900226
35179.5364143
42307.6878397
40816.5520047
38060.6475645
39977.9225315
43551.5171035
44337.2532005
53603.5109726
46097.8834376
39064.6458192
39290.0801587
96740.4651077
10077.3043228
1688103.1086270
37906.3000611
40853.9841290
40224.0522027
43991.1449220
43401.5269390
50141.2561911
41544.9381181
26436.7249746
40712.6218273
31688.5943914
42448.3308041
54026.9091854
43088.1681882
41258.4362317
54486.7995633
84297.0239099
31812.2641954
42063.7192869
19813.1518750
46792.6567790
37675.9713534
15158.7694352
38867.1714223
30676.5353982
61565.0372379
48479.0000713
70771.7383548
47376.4398530
39877.0945505
43996.6988896
108123.8730744
25198.3610274
Case #35:
83099.9593292
18906.4614918
Case #36:
14757.8261952
172030.4526488
65680.6313096
134234.4749642
118900.2681118
12960.2045729
31973.0000000
86201.1670536
88158.8316193
24015.1156058
570326.0244585
Case #37:
21230.4694668
25143.7409085
14023.4060472
25187.9234105
24688.8442643
10625.8503680
23800.2365725
10195.1150527
18784.6127354
9341.8295951
18091.7121644
23662.9120956
18782.1092811
18058.0924110
23971.7893234
28524.6805997
21282.5088196
22550.5772131
22777.2147349
20910.9183868
18557.1712348
7020.1766019
29531.4210866
12981.0720535
26259.3447311
6911.5697417
26081.0181929
19482.6428748
50792.3278078
101680.1814012
19587.9567412
22720.0888382
37042.2780782
19328.1758855
22614.2942708
34219.0294394
3640.5709778
26856237.0000000
43437.0679344
56942.1815426
3116.8064811
22896.5213231
19032.8373364
21698.8076153
25064.4847717
27331.4041981
20490.5639893
1363.7057371
19806.8400058
20045.1684092
13745.1244837
29184.4308428
29699.4331027
42227.2223255
24023.3020764
19723.3827279
22513.1547541
23668.7244406
25622.6530100
17333.2457514
28865.0585392
27309.3667244
28566.1100576
19213.7622477
12199.0204350
33170.7419675
25425.8405993
11175.1616427
23474.5301650
18824.0921651
13090.4958323
32440.5737814
29269.0126719
42676.8940644
24295.8101773
26577.0037171
20802.5363036
34358.0815971
28620.0380126
22726.8838251
27218.2673976
20091.4015918
21564.7897775
27288.3569860
16897.3534012
591710.8074590
16407.7803302
24092.5383679
16849.1926674
22949.0505883
19225.0520360
13513.6641789
16998.8206455
18655.7585879
27517.2246356
1029307.4303715
34812.2344978
34187.3915107
17816.9355068
2458.2352140
Case #38:
33110.9337025
43280.3835831
56464.2741729
86680.4169793
71951.0173352
59448.4656442
75628.1163985
63148.2896162
53537.0453904
75540.4179315
64564.5138032
64177.8545305
59960.2957036
27881.0643473
58656.4502330
69289.4529243
53214.2113020
33796.6378158
52362.9561881
46987.2321185
61739.4405986
89559.8811598
53361.7722569
83302.7632897
85750.8490391
5365.1558873
58758.1752513
44784.1482208
34195.0899874
54030.5723038
161811.3936162
84856.4574110
61212.4329078
78502.4443814
57639.5024086
44414.9213262
60962.3346029
63954.9930021
59588.4311524
63431.9939698
60217.4539184
54135.8048185
51022.6962858
59141.3239796
142772.1793119
51043.8713572
72890.9015228
53178.7763113
21291.5550110
97644.6657513
56499.1155850
53089.5934226
80126.8885282
63459.8533657
74876.0020113
52992.3519330
44240.4086233
73609.4853254
62864.3118369
125036.7883211
29051.9790315
21023.1190072
67861.3256642
2802456.0506808
62039.6370422
124769.9587007
52674.2702041
59642.7699133
52712.1170499
108268.8503248
39045.8822038
59222.0261521
919642547.5952055
60394.0613970
84926.7499652
63587.6396057
63960.2936660
67126.1181144
72560.1917270
60249.7571215
195414.1041222
49992.4927574
59348.0212126
66458.4525789
43360.8356622
68994.2123411
71245.6451785
55775.8123466
55581.6651717
69468.4031218
58898.7672787
60115.0696704
54966.6901001
58942.6741698
71115.4353765
54466.5412296
39988.3237084
97380.3530352
68913.9324574
60284.7788224
Case #39:
31760.8521124
24090.9698964
6509.9529330
27092.1915842
154526.2797142
5421.2497356
34879.7820734
28096.6977060
36288.0529445
33249.6527279
643.8088102
42117.9194006
61874.1511601
28125.9448625
15681.8989470
5299.9272928
14567.9437858
23406.5625673
35133.5359936
41886.3372803
10383.8624591
24038.6477047
5502229.2658984
23531.5176752
3436.3565524
11996.7462210
14717.6606984
9456.3299141
33782.1154200
3497.1643926
112426.0777664
29490.7175281
40777.1891003
33416.3522831
17103.0157753
34392.1788965
449.3673079
11034.5244062
37923.7545770
24667.8512700
38700.8158721
40308.7594517
21909.0468817
825680.4394621
31507.6890644
78866.3248093
88748.8070862
41102.1672358
61451.7143214
24509.0891298
13926.8889693
20028.3191914
28654.3272075
Case #40:
132997.8779210
57340.4940731
9.0000000
47108.4557812
48808.0121763
42804.5657922
118693.5000654
32234.4502823
56423.0571044
127371.0742234
29438.0938807
65533.1259822
124.3462907
490913.6480131
302276.7077044
16258.8196429
24582.2766015
81949.3208120
1358.2801127
2992.8101441
121218.4118824
55329.7066467
97085.9350380
20881.2743668
20090.9116276
36698.2238042
37216.0084223
80621.8644612
4146247.6193415
Case #41:
71860.4810468
8693.3765195
17692.4140943
44189.4465824
92016.3653873
34053.9453083
134291.1777375
22857.6501032
24289.1570829
18044.7670804
135712.9809942
34829.0610228
52198.1814131
22899.4198609
44821.7645311
108476.8893211
25869.3449666
108476.8893211
12610.0393772
5296.7194792
23349.1359732
16395.8851340
28474.8584226
53453.2369619
77950.4391176
286040.3231820
7169.1556909
34809.8543334
131408.9959722
75356.9884829
104996.7588035
15952.9051315
237582.7992658
27771.1635245
141765.4948017
215019.7163563
31927.7595904
42214.0592265
47806.3027120
48340.1977774
35038.4965031
26188.3486981
42127.2006371
274458.7349527
50228.3270108
49198.5298530
154209.5044445
15949.4902382
32249.4093575
62902.8723042
23305.0754507
78351.0581650
54035.8533201
34330.4075740
2.0000000
25905.6915852
18489.8078034
86283.3328803
110235.9229570
36852.9702036
1627980.0534063
167269.1138059
23108.0549857
426.5559752
703.2961697
16420.4510478
Case #42:
8413.1182724
19679.8582164
9277.3949779
16163.3467055
15433.4303791
36133.4885765
7918.4768063
9520.1515460
11076.5520415
8998.0803554
3818.1741049
26282.0935291
11888.1745760
14149.6622428
39249.1569074
9734.6753329
5901.9007524
61052.0000000
28148.4916351
11182.4536183
22133.0932624
8989.4430719
6108.9240341
10194.1725700
9151.3614697
6342.6311259
18827.0364734
14635.5258770
9180.8426788
11925.7349024
11762.4204817
8858.6586780
4637.8416512
104651.7649442
12700.5982613
12513.3745535
15888.3812660
16552.1613441
24998.8737214
3641.8396099
33891.8937844
20123.3786528
12813.3526312
21327.0525086
11411.6577278
13999.0585867
24358.4266558
4667.4027986
68555.3441824
21087.1897073
9917.8594736
11465.2997999
10789.7244921
13142.1993591
8428.4406161
18364.0103275
25454.7606366
10843.7422867
8514.4618981
15607.9902164
11707.1107605
9903.8782014
8380.5285476
11888.1745760
21088.7205774
Case #43:
31233.7132083
3345.0951608
7860.0248988
17892.9317962
11748.6527380
12827.7544794
11637.0098189
36848.9925796
30716.0418857
11331.5660433
17609.8844047
31255.7427499
42597.3409573
23996.6196364
20817.0226676
11843.4600090
30348.0057062
19019.3497383
653.7924884
22723.0275724
25125.9050245
2404581.5659791
14765.0134929
28379.0536350
19912.5892095
9927.1481205
14930.0919806
17329.2154645
21444.7351943
11562.5035831
39850.6624201
15697.8950656
7486.0641260
Case #44:
21084.8374680
31879.6684021
46477.3348208
675162.9321200
1387.8095224
278305.8839998
119525.3010792
140298.2236233
6.7082039
618.5596172
281.3004175
6181.9367894
152256.4019352
7262.3792835
63634.2910038
232820.5067218
278305.8839998
15421.7539210
45357.7157254
70476.7319827
168783.0272973
21686.6118977
1290176.5122321
6.0000000
21084.8374680
31879.6684021
406096.2640493
470.2899766
34991.0000000
24950.0303381
90113.0000000
46477.3348208
23.2034524
15746.8734168
186282.2709580
142191001.0000000
9454857.6321961
4828.6487722
38385.4028809
34724.6975768
18011.0576484
465.5770613
62647.1467775
9.0000000
62647.1467775
822.8261038
217603.2957601
37039.6743558
461190.3849794
112605.9070355
369960.1266073
8.0000000
43.3213882
23784.8682826
16376.4046522
38210.1261966
55.4652857
810530.4962901
13499724.1994960
147203.4986738
298273.4078922
635122.0937266
14769.7006830
3179.7513773
13736.9300218
298273.4078922
85646.6412245
810530.4962901
38619.8667003
1185222.2503491
77392.6199142
14722.7916514
11372599.7248833
81470.0841875
207305.2642755
56152.8626430
156567.8136465
23214.7842300
4154.6748720
38385.4028809
18011.0576484
54928.3246884
119525.3010792
129266.0215237
25315.7630417
3179.7513773
4828.6487722
85111.0589346
66697.6162273
29460.7780652
4209.6805937
52681.5796877
43.3213882
2315.4548714
68547.2524955
537288.6037352
5.1800401
95742.3822833
546533.9325329
Case #45:
17572.9847326
21957.7127028
26211.0633698
20705.1568385
73680.1692463
84838.1352494
Case #46:
185184.4692307
44225.2962760
90491.6201128
17098.2356098
29815.1869869
5091.7372104
28584.8625625
6349.8925765
550815.6088148
23575.1284435
73702.8722036
33841.7390702
110635.1943437
43404.9058821
66256.7302388
927.7740526
22080.0167740
28852.6849392
479.9913542
5900.5691379
14325.4756758
5146.0440467
3997.1405389
581256.5913577
55434.8959546
37456.3123053
72964.8412509
17292.9940577
3385.7641415
14640.9377293
45214.8518957
84474339.0000000
61238.3383752
369468.0013501
15706.1518180
5013.6911203
20026.4291928
12113.5109208
9.0000000
1092.2036478
7548.6446630
17582.6151198
831.2881570
279.9575080
24407.7763104
6506.5989316
24407.4787261
14122.5179945
39797.9098580
45954.2402168
10669.3581250
84555.8774084
83602.5554967
73186.0000000
16273.4755439
6.6943295
4859.1289075
37169.6584629
Case #47:
49924.5927359
122538.7474562
57756.7680087
49445.2552657
61627.8918558
37597.5047632
59855.3408477
21359.5322971
117729.4936126
37961.2575047
72223.7080909
30598.7398520
46582.6404697
38962.8542788
29377.1643299
41570.9676289
41995.9879822
28706.3085285
58156.6497530
55039.5215753
43451.7367793
58886.3213764
43793.7779868
44159.9294707
40614.2156374
3179.0956429
104302.2067758
22162.4940039
55949.0782119
562.1794590
26870.7159497
22038.0579045
57144.4999301
73879.9005781
32458.7058730
53873.8481733
39664.4528810
53941.5300842
39891.1304374
28903.0252361
27820.8454276
38270.4297252
203187.4400163
23939.4945900
39399.3551867
45447.8376701
126682.1253583
26922.3984454
14957.2500883
122571.6624835
48993.1064952
38012.1905066
38738.5800200
53373.7633292
24350.1916091
21402.8026108
37686.3812988
33715.9598989
10715.1168016
42785.0832701
48840.4809180
46475.6089487
84155.5876334
44733.3840279
73361.3956858
53167.3256389
94227.0838760
20358.3721109
16937.9228058
77465.7914780
330039.9196513
40901.6623236
93931.2814272
47699.3174520
839932.7352213
32706.0764309
37576.9419309
1592357.9933530
50902.5202492
187624.2639566
37720.9634355
97578.7983596
105311.9107959
38844.2383309
27693.0931044
47942.7469379
30413.5051779
39332.1166674
47877.4463508
43625.3373627
30223.0629746
55025.9863003
1368862.3842291
56772.2301281
26861.3148267
44894.1709495
39257.6628516
56764.1373911
38155.1478932
45380.9289760
Case #48:
3779.8843460
10673.4545696
9925.2920068
52515.8258749
24453.3493300
815948.2862530
97856.8405638
25003.7779350
21024.4155815
27703666.0884726
41973.9177068
24469.4413305
832.3776956
11252.7348397
100958.1392711
695.1372122
8765.6665537
31406.5568200
34148.4427291
2442.6522722
8511.0656591
12200.4449645
15621.9395125
6510.6638278
18373.3488131
34476.8170310
24902.1294903
15232.5707715
17174.8444043
35293.7207146
44219.8651354
15111.7752264
712.3680239
615.1917181
11537.2248993
800.7985248
30444.1660539
7639.2680977
3047.3019072
15584.4459982
16988.4840647
64627.6423967
14318.5140545
12607.3836096
14837.5357111
11509.0347130
32633.9232899
8403.4014506
1535.9141967
19155.2752762
42276.5376657
26227.2440620
37353.5829647
24499.6411777
20060.8219015
5744.1747740
Case #49:
30250.1294967
57034.7491232
34097.6143636
29755.2809970
23196.8584772
23020.3498732
27096.0407452
34948.6292385
73686.7158059
48137.8005988
29770.7989597
37798.0321235
2169.4240914
27015.3677092
31069.8428458
40302.8079755
33907.3461695
27729.3219329
32516.7839096
27481.9375646
34274.5450963
90785.8942286
24191.5038589
25742.6158978
30103.5690488
10011.6129515
138865.2875773
18673.6001153
25357.5081920
24670.4540950
35189.4645936
48415.7099604
28869.3304873
31055.2289691
343989.4274343
29313.1768782
36793.4593473
24687.8749174
3029.3789405
33471.8674471
31814.4055316
33484.8687239
35755.2924652
37159.0918836
31276.8858193
28461.1759595
890127221.0000000
56681.9243576
22448.6107129
33385.2406340
53543.4941504
33820.6363081
29686.0712463
43857.7722855
37544.5894805
50871.6989777
33955.7287574
46274.0488978
37833.4843596
38043.2721120
49446.2662139
14902.1733599
7945.2103112
30795.7156298
28793.8763857
27055.6158527
28655.3229316
17197.3462208
19101.9473921
32368.1267637
29102.5327698
27797.1124060
39671.1979102
17776.0641580
31945.3614875
24185.2106575
44209.0588159
30677.9373201
23004.9076868
36467.1913168
37021.4082848
31800.2077364
53893.0937901
1123931.5531336
54411.3598725
38039.9104103
14786.3121615
43876.5886937
38043.6460715
33368.2187915
42565.5992775
23818.0420730
18175.0883568
33562.0010432
14504.3219690
31408.1045276
43480.1955258
30461.7948551
35847.9929286
45726.9229022
Case #50:
11335.9424359
30166.3786407
7140219.2818753
16231.8567022
4441.0000000
4167613.8233873
39714.1050686
91657.3136963
401800.5013144
383935.9545588
1437353.2092096
5914.3712924
43784.5697618
92201.0876161
200520.2189155
4556220.3278211
6841790.7463649
65478.1307613
17231354.8352529
4167613.8233873
74957.9647076
3013.4086122
174243.2426219
78976.6643256
82148.9494159
737325.1282565
4167613.8233873
21631.0470655
2630808.9664989
454303.9183576
6.0000000
4441.0000000
4021615.7295371
39714.1050686
22115.0000000
201894.8758225
67379.0344409
186329.3955794
1437353.2092096
67379.0344409
4556220.3278211
7140219.2818753
221572.1867577
30200.3363287
288927.7958257
42863935.3121777
914024.3679698
659796316.0000000
42863935.3121777
339394.8124582
914024.3679698
75068.8158346
18658370.7337480
2317530.6250413
5914.3712924
454303.9183576
255288.8952371
74736.7532801
1437353.2092096
39714.1050686
92201.0876161
2317530.6250413
30166.3786407
6.0000000
3521.2636044
13480.7463714
111291.7062159
111291.7062159
3521.2636044
22115.0000000
5914.3712924
401660.5707667
74736.7532801
2630808.9664989
65478.1307613
403254631.7454346
32601.0986877
78976.6643256
4021615.7295371
255288.8952371
38129.5912705
71911.3645664
659796316.0000000
1711769.6805809
71911.3645664
3013.4086122
454303.9183576
21631.0470655
21631.0470655
10135.6130532
21631.0470655
39714.1050686
92201.0876161
255288.8952371
737325.1282565
2742.9069408
16231.8567022
454303.9183576
10135.6130532
16231.8567022
Case #51:
61350641.2007922
76800.8060528
244390.7869111
36523.5403812
103502.2919321
45177.1595633
532270.3254594
46193.4960487
31253.6715136
7633.2542680
69133.6863643
70646.5632511
345660165.9326170
35239.7548862
103502.2919321
81320.8409590
18437.2336329
36226.8124481
65742.9222555
58840.0185248
17732.7247356
72903.3775456
47112.9580065
592834720.0000000
5545.8410276
5566.0000000
683.0189758
21909446.5167580
30869.8345340
85190.6205498
46315.5210122
9298.0000000
30973.6518655
45062.8078777
4523.9562955
20251.7775955
37674.1703172
13912.3366862
97813.4141463
30973.6518655
21542.0960205
10726.7362914
31857.3562128
16053.4203361
4553.6669714
21634.9071382
71398.8152527
908269.2169856
101623.4982325
107151.3700252
2316654.3197382
367.7498586
163873.5711768
7974.6760562
2702615.4266860
36226.8124481
69464.4507123
12550.6527423
81135.1457676
4373118.4555537
46104.1585615
51076.6119588
67970.6083252
147823.6392810
32169.0000000
179237.9439298
202683.4807268
67573.8896269
4100093.9177224
47592.4426193
28702.0153794
56665.3820040
47328.6319720
44309.7411284
21167.1801584
84471.7491536
189432.9332856
9199.3207927
144161.2353592
173458.8068686
107078.9433734
1644.2985277
65742.9222555
72959.6194170
19263.8281759
Case #52:
63636.9073490
90790.3735965
17607.5363207
23738.1780256
32485.0880377
Case #53:
7273.7930572
24196.6305418
8902.6913225
47711.0868679
261400.1246402
59744.1277064
192420.6448559
5926.0306906
6110.9244878
14544.7226573
19851.4810941
25853.5246307
3047045.5778621
19157.4400410
12033.2587285
19118.0551306
8055.6484360
765364.2853564
15234.3576528
22083.3177453
66390.7425710
Case #54:
50286.5781391
132983.8789800
42178.6620402
921.9863927
315758.8765755
22005.2479518
2.6457513
69726.1837810
22005.2479518
64312.5330968
268685.6335514
27550.7974143
4318.9059134
737772.3937096
5090.7191667
36544.9740652
46391.2687099
216293.1932023
21499.4363319
76827.2408743
51098.4245872
12037.3134685
923391.1688298
79797.3617360
241768.6005054
12572.1369500
40940.0673399
114934.8888783
727265.9006949
29464.7797636
120848.3783698
76879.6343981
4113.9114466
23610.2716622
214655.4353437
38674.9567911
2747.3354398
56534.6680594
12917.4169391
523665.9817801
93774.9586606
88910.0619728
34326.5409411
44097.3826027
266560.5849839
368380.3817558
192101.8257741
127037.6906585
209472.3945858
52736.6234332
198582.7360859
112051.3895930
203903.9030387
5126.7717524
181445.8253100
252098.5374765
77903.8203341
629268.4875332
21531.0110388
10428.4894928
4028.4295503
41131.6613802
5713.1866426
182835.8612407
890444428.5109653
42627.3773195
525576.2822707
1178.7723329
9.0000000
145359.5237285
Case #55:
35430.9116032
34987.4310369
33634.2299669
34588.2665311
20858.8483112
5321119.5550571
25878.5717200
55301.0455239
29036.0050388
32247.8843351
164978.2038354
41221.3561186
28872.5998734
12298.8466396
33691.9691151
45809.6813217
27146.8804888
27773.8403655
52566.7765866
43012.5350479
35619.2191408
54054.7748686
5831312.6451021
45871.9979138
31392.1156390
14903.4816336
37674.5622371
17147.5326617
23185.2733909
28324.3477029
23966.2737449
157.9208663
19201.4223066
29097.5392765
48416.3515482
31714.2966321
29536.5904415
33387.0665289
27448.4467401
1403560.8659835
30900.8892847
680716.3969524
18825.3057806
29400.3108672
31663.9615099
27219.2577934
6275.8361464
34828.0947033
30541.7193711
32001.7461335
41549.8129300
63030.6914192
29497.2618420
36429.6113024
21445.6655186
77442.8808191
20453.2511446
32723.6888494
14885869.8818239
14733.2888754
40856.2478791
34586.9886793
164869.4555645
44245.9764314
57242.2862380
30787.5381339
40861.4112533
22140.4659357
24159.5827607
151028.3520874
50604.6897750
33548.8115761
35568.2606941
126087.3820103
24275.8678901
33463.4513482
14991.6774453
8920.6246343
32154.7043322
21517.8343097
30704.7643118
38697.4275421
51133.7765488
36257.2903426
31222.1139490
33762.8688690
27763.8733601
28920.9503711
31999.1259637
458443.6808577
36682.4136696
27527.9381396
27003.8055087
35873.0020320
35229.7212149
29337.9213482
24920.4524546
24283.8942418
22595.1268965
24277.6960066
Case #56:
3639.3326087
15505.7636874
32888.6358987
19087.6454472
565.1367528
12060.5009176
18505.4429972
1136.6044669
Case #57:
90582.6025148
17743.9638483
16558.5800233
55316.7234236
62428.0000000
425309.9637722
41665.3152532
72384.5134454
61455.4221804
61924.8492981
89386.4702129
100828.4750093
13912.6785047
132316.0711860
62173.1193306
151293.1627753
72096.6634956
26797.3742557
112759.3084945
131420.6630626
72475.6265734
61741.4036001
224464.3747703
63575.1813692
115673.6247941
112383.2593890
65098.4686539
75913.7747571
141586.0407496
119535.1320831
23340.0642212
16381.9367041
187522.5724427
38773.2983531
69557.6747255
82198.1222373
25756.1676147
97559.7629521
1048614.8111480
41545.8052514
42468.1879997
187274.2826054
42.6772299
1725577.6343469
36338.3494141
79966.9120562
135740.7950366
94576.2465937
139776.4427300
115690.9183917
1814.4467021
131768.8962055
134521.4424705
59907.6900105
100395.2119973
218981.3873745
102277.8908818
49282.0642706
65122.8892920
25201.5098966
93479.1521442
72510.4446966
65826.1181653
40536.2543505
97482.4873373
187643.4065743
41813.0699920
85029.2553125
49103.9087853
81242.5152146
36776.6991948
76466.7093641
73839.4180927
103641.4546334
5873.5678711
156457.9066186
203665.5247550
106662.7871827
79714.0029045
60543.7678298
34050.0000000
66658.1445450
51031.3454937
70698.4880756
229124.4888463
64721.8787190
93278.6297476
22353.0300782
142567.0970142
116124.6265880
56105.0321112
94169.8694682
80004.0020006
104181.6574105
Case #58:
52976.7706348
11750.8896212
45106.9181584
8767.6044936
42600.3549522
8296.4331212
42614.2113180
33810.4127883
94827.0021197
22616.2420574
2444518.3231375
24455.2859417
15420.8311732
58189.2080088
6861.4147976
54924.4423695
76610.5241821
11753.4565506
52615.6439522
28404.6676978
41129.2634935
Case #59:
34590.0818184
47287.7301831
29792.7195101
38510.8516967
80698.9215472
45874.9738757
61058.3708736
34543.1069869
33420.0182971
52360.2799464
55100.7207766
46105.6197217
51653.0515294
117762.3889059
39011.7133388
112566.6446505
73778.9144136
34022.5972026
52586.6375160
39774.1295667
58741.9971751
45648.3625506
63571.2584737
43264.8389034
46509.5437045
13848.8494477
69580.7091843
36790.7211371
36076.0683412
46152.6488561
106413.3396248
111958.5139515
59417.5391060
49871.0419921
52123.1849168
24823.4247706
55551.6736841
57606.7854770
38850.2911705
82974.9861954
130355.9431758
22428.3121881
60786.1828850
49648.3115770
54282.1595401
36346.0088285
12395.9315071
57617.2617221
33223.1788567
64260.7515446
50400.5295815
1885.5565768
15530.1038435
60189.2284940
240813.7420878
17298.1841527
19187.2264791
50935.5757614
45585.8986308
86315.5869474
37701.0632101
51726.4606499
43234.0823904
734138.3354503
38547.0045694
37357.8733074
33890.0493437
48275.0690689
132692.0495240
46960.4977496
39813.8023919
29742.2297288
82043.0055675
14399.9513279
130651.2222503
28554.8806836
331229.9044042
40320.4657282
36260.3296383
139298.7861413
39229.1753744
45898.3667139
80326.0315993
37409.3066303
99169.4091661
29795.5679402
52735.3420478
104516.6256388
61181.2381880
46055.3391009
110927.9751880
92699.5002232
50398.1900244
166532.6562174
53701.8886136
95454.4282669
33999.4265495
132577.9519825
14247.9433112
45174.5878510
Case #60:
30269.8069504
36813.0919431
68602.6220711
24488.6019519
35170.3106041
44337.1363974
325652.1165870
41447.1092237
110466.0212570
89263.2653770
18027.2318217
54558.5376469
83392.7811924
18084.7999591
21458.2944131
16672.7996512
62141.1261602
90856.7136713
10944.3607511
13476.7542462
48745.7332949
37945.7810358
21059.2078174
56894.1874760
44563.8257238
2147.9817773
49350.2080628
479075.5704067
34808.5611679
31958.7986197
20645.9461047
22683.7826440
41019.3762180
101938.5841119
70763.6570543
83788.7916064
48090.2845653
33667.6563779
54992.3979171
69434.4133091
27518.1003114
31682.3114024
19101.5911573
32523.9569041
19320.5650254
23637.1195971
68721.4434602
239485.4911594
66040.0181401
30633.2416815
30241.5186651
19056.3295086
117448.7221424
25504.5640864
31307.2221229
20798.7890580
18128.7815353
34911.0608385
72236.1216056
19344.1091688
90934.4746350
35220.5217967
60833.4091719
30813.7205560
16658.9754357
27716.3981837
12785.7765418
20242.3169613
31630.0898814
13489.0839525
23432.8580684
39935.0281566
45233.1458936
46582.4713781
18962.4581319
22352.4856576
21839.6032333
31374.6935359
13274.3951753
41347.8059684
78670.1679629
18866.9520457
14817.0292003
31816.7231841
33194.3190437
78238.2399267
29072.1500619
45004.1344135
34376.2785819
163129.2442676
56683.9728216
40293.2486364
13823.4794090
140841.0658268
51766.5790346
24445.0777643
31388.0250482
38504.2652316
27274.0267987
33520.7860470
Case #61:
40861.4804950
38893.7485089
52877.0431910
41127.7953947
85688.1238560
20861.3200386
25320.5922186
2971.3935852
142205.5253220
20790.2745215
4923.0982848
38022.0532173
32126.4351680
62699.3150746
54576.7345667
28041.9389134
33595.4812970
35768.4226191
125390.6688994
42140.5157283
38141.0833309
71716.0939346
52411.1167280
9375.1752801
40531.5001097
5112.7183557
60504.1950153
49287.9385456
65744.7032405
29819.0881715
35475.2610999
38991.1146991
40861.4804950
4316.1605469
43193.4068152
106073.3495071
68507.1979724
43790.7528431
9857.7426517
43668.0359407
50691.9924998
8239.6357590
464486.8935630
14637.8313223
49677.5484599
39432.2818974
152421.6621953
34542.8354332
259265.2635700
26777.4649030
44761.6733017
3252.3442847
145706.6812542
4667.7093432
29922.0365327
329027.6245984
31908.0215146
15960.3071933
143223.9592280
38519.4210242
53764.1054202
156522.7223617
62957.5216936
31605.5658580
38283.5761218
73015.4586681
30648.4108704
229950.9735173
30119.1375930
130094.5949991
31599.8004234
49660.1057492
2100.0582030
50713.0957674
57252.1682722
30861.7639985
28935.3512089
44120.3080624
81973.2717617
44012.1502399
46114.1770706
35024.2883617
40360.0755938
6182.7824638
39499.0498254
24833.6683718
45418.5778330
28798.4338203
30994.4209564
54549.1165671
44406.7194648
105686.6897862
42296.1805613
285650.2975797
48487.9590133
184715.1261920
Case #62:
400883541.3098376
496504069.0546423
443704758.4859262
Case #63:
54954.2597872
37867.8322288
6699.8992754
166848.1881036
25239.8801762
315582108.0000000
8421.5683079
35896.7713729
283290.6319673
10501.1331367
4965.5368013
38438.2547799
10522.4677452
39705.2571440
58228.8103494
12187.3721383
6116.8358935
382470.5019760
39260.4863189
16276.9194266
424114817.4349640
7447.7114961
5591.3604646
17246.0206989
3618.0250753
6173.8744557
5432.3765845
4530.8257707
3584.7837160
4547.0469442
28045.6615017
10688.9679941
4789.7251950
9585.7150199
10782.7656394
4551.6555305
4756.9393934
4637.6277313
1342.8188811
80042.5129746
8865.7818305
13580.7330302
Case #64:
6580.9741253
16462.1936260
1556.0787842
43522.6269634
64609.6521379
6877.5754182
9603.5669780
37617.1762365
11367.3574013
8843.9960408
Case #65:
31320.2606306
71640.6473875
42975.1730136
56672.8128170
35563.7554187
35836.6353056
38489.0787460
69116.2077574
40350.2076237
36781.3761232
34056.4837234
34052.0183591
84669.9622311
40608.9116297
81113.1373521
45189.0936066
44740.1055247
30653.1237168
29098.3289201
42702.6828184
124658.1086942
41300.7359574
36495.4166278
18626.7958755
215129091.0000000
29294.1173460
20012.6731001
8978.2786493
44096.7697586
45457.9205819
61580.0987168
37476.4032245
39399.9032469
66446.3734450
39743.6386890
67790.7447115
41749.9149464
38881.2884178
18159.6087444
44782.2965457
36466.6123442
15888.8210462
34860.1440241
41502.5101210
48261.6312086
44816.0978537
40365.4339443
36077.5385723
36644.6533048
12964.9297761
33528.0815110
56203.3488708
41734.9523356
92091.5448192
40801.6862723
22183.5736580
3086.5719428
60504.0053675
40235.2735284
65586.2296154
35557.1396927
17852.5129861
87704.4384584
26257.9978604
42866.7224369
29326.4556367
20891.7303402
33697.3345646
38339.1850620
40759.2328713
48199.0662789
36292.7608531
25722.7814216
38444.8552259
40622.8878282
64056.9511068
21485.1076938
49757.7110103
53121.2788715
41481.6757099
16231.9498808
47274.3714765
86948.1574864
84404.8503888
51739.7216680
25121.3490982
68975.8075788
35629.3337178
52389.9129296
51549.6194926
46767.4617813
81793.4082868
30437.3781570
41929.1935856
40282.5099218
50869.9224927
33878.0519681
41232.0386257
33083.1979647
39584.8888489
Case #66:
11950.5299722
6099.4563417
467.3431522
8259.6731076
12575.5376874
108396.4439628
8884.7141590
32910.4805219
138397.8648156
47259.6824161
161101.3635656
521817.8231978
20181.2037789
250.9426140
84106.8830641
5936063.0693660
38236.2654566
Case #67:
541976.5118943
220783.5319190
46824.0679588
162982.7306162
3814.0671856
86013.4358274
8902.4771482
73523.3698649
164948.5890400
255633.6114756
69640.5824251
135831.4055177
108547.5344211
311453.1443782
8319.5399515
39984.4889848
102331.8355120
84696.5961679
46169.4795973
128174.4200035
225630.0710028
157475.1073962
217974.9927099
77748.3353024
106346.4562741
174385.6325967
155026.7582223
117931.4792206
162833.9429958
111968.9169364
146758.9788977
120248.7347114
42899.1728727
40968.8611382
43683.5409090
83232.1156813
60635.7657586
5736.2897932
40905.8842513
92750.5675817
57959.3223538
67875.4237686
195824.8180435
35772.8958407
70055.8055251
160123.6813975
223481.1197576
122751.0131778
137372.0187306
166645.6569778
33528.7486531
112766.0429572
130630.4267143
88862.2427371
155782.7024910
201076.2590359
97504.0504425
391189.8345804
242934.0422885
44989.2146495
271845.9079748
202259.8452828
163274.3731417
48064.3780306
9335.0152362
96094.6123569
Case #68:
131025.3812807
36306.2384957
44212.7599763
33090.9616028
38031.9565765
6.0000000
225.4455069
43102.9427098
159117.3883095
26233.8370303
97000.7542270
295246.6637723
39276.7409790
28855.9240387
54621.9278641
1665654.6447044
241124.4058281
14614.2750261
42489.2600362
1358773.3168748
81113.3455111
41899.1668725
44729.9446782
3373737.8792763
357797.3426996
47264.3711686
47407.5189019
27568.1317700
35815.0077615
35146.8169008
104749.6863836
17457.1750065
32067.6417262
25308.8301945
764988.0699912
25399.7297592
30183.8783791
32650.6164115
10912.8838129
3375605.5360270
38528.6426255
64657.3961952
47562.7349383
22859.8689583
59058.0602273
50964.8419839
22290.9188288
31291.0363443
17382.4310672
28707.4316537
35984.5681631
68948.3751022
13151.1160910
44335.9443615
7177.5893827
53674.6286358
22862.2155760
479665.1379941
40652.2214135
36545.5781156
33836.0160867
175599.3509740
39313.3135979
54636.7305946
38290.3811623
22654.1583767
26304.0779981
14326.3800285
27604.8786508
18386.2019013
36482.3266907
45230.5547417
Case #69:
1096.9367407
38076.1344539
6820.0164828
20921.6048298
54139614.7722670
11548.7462741
20340.3820875
19598.1302472
15325.1037448
11211.0173096
13188.0352448
57476.0235820
24064.8002355
24176.6208104
114376.1676563
30592.4801433
86910.5519532
16846.8319889
27816.3278210
27226.3967161
29605.5092201
22358.1197750
12615.2847397
24110.9032467
19418.4711258
7630.1398366
Case #70:
133670.0795431
66611.9739066
142543.2424277
182374.6136667
88555.4914645
33389.5760897
13531.7603110
40641.8975494
188465.8413687
53942.1889421
46527.5668405
141627.4791105
86359.8633133
56541.5792660
156761.3801467
209741.4374192
61939.1692619
229502.4168918
71865.8533276
65293.6133321
48788.6988078
217381.8585539
172954.3098033
67170.0460001
511.8885116
149345.9749427
114244.6843797
168148.6451423
6752.9700045
229462.7932029
153586.0229462
85443.1495674
79982.8667348
7168.4004621
55861.8807590
153994.2238897
56671.2081659
106615.2357159
2655.4736447
108744.9941344
127812.8143887
74513.2802880
27298.1801696
248652.7003643
284402.4527248
68022.2456121
30311.8827532
8993.5127796
46294.1515808
132441.2130595
74880.3258904
54859.7137313
40731.1075326
9085.3504131
11658.0649771
242279.3500639
95530.7667649
167461.1471167
46847.3192069
83254.2086719
16925.9617746
83190.1657566
4226.2625124
9285.1252946
26903.4182742
34583.2587796
16311.5790206
Case #71:
13782.4422817
11611.6380528
496.7686397
6499.1929215
10833.3810779
16126.5191894
22209.0086202
462.3332132
12826.4938739
17781.9524358
8187.7424928
9824.9543989
Case #72:
240638.5344640
164389.4250445
8.3666003
504305.0013503
442497.1018170
30754.0825971
284586.6447781
47783.6309461
54803.2942356
56931.7536705
5530313.7299830
39550.7941809
164389.4250445
439760.9626224
152915.9856713
288855.0243723
288855.0243723
68965.8012345
70377.1298883
33537.5648831
33792.7259185
279171.4562954
130398.3293798
225432.0355067
226369.3811847
8.3666003
56820.7691605
474628.7358830
131796.8582954
273563.9791725
620287.6560161
11380.0053694
5641814.9218800
5530313.7299830
44532.9956549
47783.6309461
3119.1672255
112568.1859884
507692.2715847
544803.6517854
156761.7544541
122896.6536189
64865.0000000
101930.3353541
1659.2130227
38402.5823607
321223.4554416
225432.0355067
183851.6026477
93121.6634249
434899616.6871576
44532.9956549
15679.6560019
28424612.0000000
1414610.4325788
269812.5198947
620287.6560161
47783.6309461
417950.7465529
380931281.6849875
224108.2688235
492229.7397562
12800.3699950
131796.8582954
65842.9026547
363785.2695866
225571.3852717
224108.2688235
544803.6517854
269812.5198947
1000089.5663394
70753.5002252
4361.5743432
179078787.0000000
102904.8002311
8.3666003
75798.4544988
166702.6263140
47783.6309461
14105.7535779
113179.9746683
12800.3699950
116734.8843516
137251.9494180
46364.4401194
6.5421326
1994.3801240
45898469.4437896
69214.9431243
85604.3257039
225571.3852717
937762.8886531
1236685.7311100
2869.3974770
937762.8886531
100643.4977069
1988191.3081449
Case #73:
11751.0570657
24121.1301608
31859.8996473
8476.3974606
27879.0773547
12807.5166078
17327.4496167
82966.7341648
52949.2497010
26957.7997411
25660.6660424
13802.1467034
900.1152394
26532.5479112
11705.7683485
26867.3827659
1460.5716901
31067.4516576
1686.9922732
24686.8149469
14558.7231073
59578.1705974
36573.2779476
290076.1932269
2790.4098847
13929.2695351
22594.8510262
12416.0266996
1828.5352436
1663340.7123259
17873.8809772
3034.9967034
86341.3563996
21806.0428227
41415.2534881
189890.5159948
48697.1902595
6443.5034263
96264.7144055
27669.8723417
30725.3235624
16729.1271933
726.7002850
37105.4799281
22836.5195629
6098.2663538
27185.1043769
7744.2220740
35031.9853714
3552.7403017
96113.6198373
10517.8691566
33873.1055960
18906.1297030
23737.8352223
16687.2164336
34679.7067926
19676.4203949
102.6095454
52298.9514183
24105.6918060
31997.7653883
28365.0166691
24572.4312926
27888.3959742
9743.7873463
18033.4515014
13319.4354460
13975.9465809
18652.7278596
133380.9267491
1074.7632578
100291.5317244
33672.7622898
20726.8056932
49580.3595600
21636.9381676
15610.1475180
24624.2180835
15545.4382345
16609.8776321
30029.7348224
Case #74:
24564.9504892
6814.8237170
2882.4433771
5831.5874474
16440.4332252
49296.5991459
27506.9018716
1260710.4087385
6741.9458149
7921.4900569
9016.1287244
35815.5369113
81269.8528141
20384.4745113
4620.2881056
20090.2642706
17067.4770879
3553.7168168
14550.3136954
15579.8644586
360751.5898566
1544.2390093
1175.0935838
56629.5069193
125943.8358268
36247.6393859
15958.5655534
18280.1434296
100857.5822731
11462.4213343
15372.5512355
1467.1095833
4412.3352679
6353.2257444
4404.7418205
39968.9107674
19541.5044077
22260.1298856
21257.2684817
15626.0361573
28892227.1307240
4091.6949211
692327.8426192
39390.8932405
9434.2332800
20023.8501661
195638.2894822
20753.4351594
9929.0434962
12552.5436326
11901.5574090
8482.0496134
5963.8204071
74070.0000000
2721134.3792553
10739.4597984
1186.3785430
137046.5698230
16938.2535622
24426.9232141
8365.9712799
27051.2470488
11195.0439641
17834.6850741
16099.9785381
59650.7815697
12077.2546312
18287.2841713
25233.2106688
Case #75:
4289.2719949
5620.5491559
7884.5070801
5978.8955715
7613.1471439
12452.3437062
73141.9584752
6942.3507278
6605.5700673
25721.2888483
6379.1979554
6050.2394599
357440166.7119872
7742.3868494
3781.6652080
21240.1958701
9500.7884660
8586.8922779
6449.2059863
1571.9136100
4251.1056862
4406.1930514
64967.2213580
5079.2555741
5771.3738616
370.9462970
1979.1622300
9663.4526447
88150.0000000
1385.2550997
7486.9552127
7376.8441905
7048.1454409
1.0000000
12777.7681492
2800.9391533
1297.6220423
8247.7771530
17285.3260620
2946.1403522
3658.6774700
7997.2653317
300619.8905011
15403.5570631
13706.0000000
1484596.6405780
549153127.0000000
7007.4969202
4286.0323073
6002.9171238
3826.6841843
6317.4047823
1127.9988239
3658.6774700
6509.9255724
13705.2235311
6410.3863461
2950.5575978
21347.0097618
42714.8358285
4405.0817841
1545.1787252
558.8572235
Case #76:
34445290.4608508
45123.7685857
850624.2423632
202427.7845767
11263.7209349
59389.5938539
87120.1514929
108556.2639577
105386.2047720
10667.2653296
14876.5580865
139490.1144739
68311.0774099
74789.1969489
672845.0758642
9232943.8536339
14721.7291900
316661.2604309
200868.2652753
42186.2572587
61057.6635564
21497.1247414
137637.4689762
215385.5134597
90503.6100567
144999.4974888
14832.2682788
90557.0487910
32760.5569246
68825.2153927
12457.3802467
66606.6271442
79215.6626388
122121.3251209
55023.8960421
66462.9742482
715.2767461
42450.6542744
7486.4758381
58634.4281539
1255.1258193
258707.7324249
368453.4848872
58341757.2422324
917602.4844415
42052.8875040
99599.0636041
41287.4616954
52400.6126656
52538.6459436
5071.3614589
7322.9890658
52784.0315908
101745.8483200
138752.7079193
544566.8295354
85688.6028956
93055.4471476
1633450.8955733
526129.9342414
58267.0031039
242587.2145303
85700.0318667
180878.7490108
250137.3660931
59633.4733790
11364.6190716
41596.3573158
252.7662601
129910.8580278
90321.4785123
180705.0002810
116036.6666033
111714.8133586
189744.3303500
96992.3849596
64668.1819288
173506.8001293
68923.8593336
101589.5231135
28857.8237941
1193495.0171074
275861.2414849
Case #77:
74808.8748268
42838.8991152
20946.6010133
7064.6014014
3331.9218434
21893.6762261
41450.0053972
26784.5267443
48137.2082017
14079.0866879
16109.8447308
35019.2970882
44257.0654062
24786.2658666
41646.4089576
42914.1373456
30648.7962300
93615.7680447
55508.7879682
35477.9640248
243.0596635
52238.5641756
46760.4406675
56519.3908387
42754.5705909
35966.7045594
22216.3497572
36543.1196164
29554.3248143
25617.4902386
46478.2453080
50022.3079549
87801.6600260
48714.2617571
55090.9961590
38515.1531265
52586.5840569
96412.3434944
9966.3947262
139746.0927363
43158.6634969
38648.4417902
33327.5880563
30181.9165260
20560.2177114
67175.7582203
28792.3301065
32638.6311936
32599.6682017
20102.2949288
42550.8068408
47607.6887968
58032.6285388
35300.5472944
30696.2968515
35552.3887605
84986.9085079
27231.9117962
83432.6949684
51134.3426084
45869.9992315
38807.0255151
52153.4292130
43441.2501639
33764.2414782
13210.7807842
94724.5002531
39489.1016793
35398.4188651
38236.4373840
36809.7597258
33578.4580537
33065.8599143
42724.8831326
9110.8737789
4287.7235689
126090.4308231
68074.4573538
26854.2074663
43824.0291602
44684.1161847
48985.1011449
44267.4622431
23950.6605216
36523.9935373
8462.4729840
117171.4243004
39167.3479102
31393.3042217
34489.6906910
8182.0322926
43440.5908386
32254.0540836
45447.6355800
4789.2970149
26158.5562055
38147.6221501
29432.2969675
15348.3007110
51723.8475119
Case #78:
659384.8205438
95813.1610386
76533.2550753
143148.7963554
37969.1505223
288594.8681949
8564.5777281
25106.2554711
Case #79:
59207.3159569
11397505.0194546
4202.0000000
3913.8393076
212978.9895093
4081.4146431
5145.2623343
2200.4925316
39547.5309076
10248.5479499
15003.2965525
2354.7382714
13140.4986659
28401.3123322
655928.5471439
5856.2715337
39871.5860368
22510.1325056
92866.4074338
47988.7910689
25080.9434972
8594.5473554
432.1864592
18299.6377532
57501.3753016
141229.4760637
28588.8151738
64721.8495507
84688.5819642
540052762.0000000
868.5730709
64642.1396850
39871.5860368
20832.9338660
161220.5033172
147.8488376
74177.0000000
128422.1711328
19590.4859678
41421440.8378421
183904.9858845
160153.0105202
700.5609535
7895892.8499849
10300091.2236392
329890.2316238
12469.6794915
1569.1272058
84852.0810437
7563.6481284
33238.3825868
10701.0570361
1077405.4067142
28634.2271791
48021.4878337
18041.2483499
19421.8978773
34865.1598048
9449.7254232
15606.1960122
1711.0692263
22584.5058956
12047716.5361752
72918.2173472
57898.4906753
29588.1691081
61151.8989002
50983.2967879
471081.0031122
71114.0575964
178539.4828008
30712042.5812391
33621.5017082
22307.8839244
35669.1946701
419409.6034744
105213.4225355
372045.0547397
296262.3398940
993572.8096672
13996.3961606
428840.1292787
322703.2030809
2333.7455600
216053.8936163
42073.7861215
Case #80:
28901.1394939
120727.9537845
54869.4139520
37233.3943763
74514.7920535
185521.7872915
52218.9093619
84788.3069484
83527.0650674
43768.2777768
58911.6173893
58414.2880281
41867.1507715
59440.5339666
54715.0131827
79673.1162889
62699.2516857
90697.3900364
79027.6376871
113669.1122024
133906.6984712
60695.8163238
58025.3721629
107003.3750252
57648.6571612
97146.9663920
185582.8488204
48570.4351097
76765.9171958
61395.5355853
86580.1919634
87667.7773491
78082.4242252
38829.4921729
63772.3191703
39567.4550370
81470.6406902
118159.1642477
15359.1045945
377781.6644592
50842.9494621
43799.0238919
86230.6155607
39308.4549850
59042.8214699
73361.5549157
117642.1393062
19019.4563103
47578.3088932
103131.1412696
83643.6241402
27785.4414124
51062.5009204
66614.5201654
45580.6201528
45620.7076977
35711.1794915
29266.0182190
13533.6651521
79054.4864730
70664.3298515
76604.5712009
66026.1566704
83240.9180652
24158.9631400
62280.3391831
61552.4754217
94639.5368211
61769.0151776
47281.3535525
59473.0329522
52752.0399687
33723.7796831
54075.4123095
77027.3122344
61208.1023889
51860.9337873
37870.3639637
19571.8912085
64993.8602096
85271.5076842
18076.5262798
43946.5265445
90700.5536587
40758.6466236
56658.8682186
44291.7858758
17732.8167733
173550.5238137
65972.0159061
39581.2575247
73461.9814979
58463.1664582
62438.1875917
57819.5836219
86386.9856797
5714.9964939
48597.2026974
84987.6908324
239480.1752470
Case #81:
265116.2359782
144977.7174978
214316.5787008
3789110.4743372
894434118.0000000
35457.7319354
261034.4445967
78484.5074792
42505.3570741
1114670.1430943
1211115.1898727
22615045.9211056
47728.4846777
1211115.1898727
633823.5854197
66681.3678287
144977.7174978
168968.0547294
50555.9584493
440242.6773497
4437.2058293
292594.3737183
212108.0848002
199312.0253728
3.0000000
1291560.3508918
444280162.3986251
124940.0129661
444280162.3986251
115169.0501887
4377482.9004842
431597.0018534
109463.2194485
733580.7839365
903352690.0000000
157162.1095127
246412.0314534
111618.8984415
23551.9901000
11633948.5901894
444280162.3986251
898439.7736840
168968.0547294
46177.3257976
93178.0000000
214316.5787008
137907.9279282
265948.4454509
444280162.3986251
35457.7319354
292594.3737183
1211115.1898727
22615045.9211056
20665.5116842
265116.2359782
185005.9304579
1291560.3508918
633823.5854197
4769.2838434
214316.5787008
898439.7736840
44345.4948557
9245.5133552
212108.0848002
212108.0848002
44345.4948557
64671.5141195
3928907.7899383
20665.5116842
49993.2346408
37005.7094328
3752.1456589
151507.6785294
361716.0074385
41598.9711577
1836605.8018622
4073077.8430524
246412.0314534
253.5192300
20665.5116842
47728.4846777
78484.5074792
2684.8890538
22615045.9211056
Case #82:
2968.1050752
51628.5874124
87948.0000000
37544.7876352
1027871.1429801
45020.7341722
102772.9293719
190547.8746381
1440225.1790130
67705.9214262
57400.6502730
35101.7371876
10180.6420313
99977.9463749
15141.1837739
48336.8358087
68111.1923732
55750.0130206
42265.6678050
7568809.6645557
52406.6889051
112064.6273022
337115.6242871
75031.3599529
32244.1448276
52406.6889051
85412.7248787
122196.2361073
744368.4774723
52117.6326359
39132.4688168
110619.7603038
59446.8314238
47887.9600347
223365.4791007
132793.7545222
40992.1969747
67533.8482993
29968.9064198
71074.0002803
52406.6889051
22101.6183194
40695.2139641
27347.6767455
53235.7285757
135.7129323
61530.7895846
407307.2137237
13727.8179746
1578901.5984126
89856.4594382
275481.4660320
85412.7248787
52388.4879886
45697.0939330
170001.5677140
59051.5657619
45334.9368592
47191.0000000
15141.1837739
29557.0001951
74978.2626534
77005.3016358
33892.2408855
35101.7371876
101042.0158079
68111.1923732
81938.8496397
86151.9431113
68725.4823017
52117.6326359
89629.4012590
16304.8094642
104236.6357607
2201.5740042
74303.7635957
40695.2139641
2968.1050752
Case #83:
53259.1731324
41714.6438980
10433.4185469
86420.1389297
62434.8250826
76645.5075290
72968.9054616
2486016.7962756
80937.7104710
47511.6065410
20431.2919564
51599.9311396
73004.0101636
44037.6705678
118015.3127752
63204.1141449
39548.1405620
645774.9539270
42344.0511617
50251.4188704
68243.1439502
34235.8622053
47939.1864704
69870.5365780
35632.5067517
32583.7938968
56475.8813035
6054.4661192
Case #84:
1000000000.0000000
Case #85:
1.0000000
2.0000000
Case #86:
76189.0869725
5795.6186887
95151.1384791
271001.9265164
19192.4851840
Case #87:
35081.6012010
99177.5816741
23987.3209660
57846.3940456
64231.0738602
5040.3555806
58406.9604885
26879.8049098
452433386.9192502
37006.8355349
15218.4241750
21390.1547737
21222.2445094
2359.1497933
217486.6144064
37786.1722432
85522.3123618
4531.4164286
60872.3488132
56302.2450910
110419.1534624
52124.5166281
39728.6613403
45041.7745920
56210.2663771
53624.3739186
39015.4801654
47129.0979970
3861.1147021
86916.7341914
37065.0788191
37941.9634035
29171.9367110
63447.2477795
47609.7182053
9912.8739007
48728.7132447
41912.3588675
35819.7164121
139318.7552652
28492.4825768
27386.8878399
69436.9342232
25148.7012195
9201.6782085
61120.6545232
20989.1245733
42404.1971073
79412.1140391
40804.0204696
49837.3435445
43046.0769800
45282.2642803
28597.4219513
11877.1572722
94925.8950271
12296.8295409
46774.1275010
26120.1186686
39370.5397806
18796.5566196
32483.2112974
37243.2888291
18574.4664614
45954.5608574
1007.7682309
58356.6777577
31192.3124893
70676.7154747
36035.5144436
42831.6693105
35222.7333443
5128.9807470
18514.8679975
44598.0961154
28236.3483357
43607.7322224
35270.8513919
36401.6744671
20280.7245050
48383.2732622
Case #88:
23604.8791893
6728.1710012
140067.4075530
26053.6798373
33923.9890341
47126.4624353
31513.7987022
41859.7133362
30564.0540328
4667.5611160
20477.1025993
20422.3251865
13725.6050202
14683.4058320
360114.0393506
32564.6520294
29052.8826696
35579.8479737
33034.7780659
22009.7086131
14940.9145952
Case #89:
35169.0522786
35358.6887136
30690.1176276
42765.2245619
45332.0805417
33235.8286616
65462.7943581
33922.0106505
29890.7713191
25624.0010395
36578.6550476
26032.2201735
34427.8323879
24569.1257936
32996.3538032
53431.3126493
35605.8406954
30120.6946519
37098.4370979
243369.7557645
65797.4412495
35290.4257616
30035.8870993
37088.9640933
35690.0096984
27328.1405958
34866.8383424
54670.7010815
29265.9722962
30924.9985393
29519.9371520
76094.4748980
27733.1467138
25173.6451621
32939.2647388
30614.1169043
25351.2336524
34246.1622236
41586.4580379
41856.0150441
34972.0550294
55863.0156066
6112.3117094
31680.0730589
26515.7880298
32063.4780992
39718.8282811
43318.1951550
31755.1293782
39316.0867105
135105.1519937
43499.7920502
52741.0457654
29184.0678138
18850.5499022
38229.7691314
44396.0605455
30425.5604900
65810.2776288
55460.8834188
44852.5204981
33721.6544726
107406.4483766
65222.8873125
33937.9308581
72779.5289909
38889.4619534
30349.5168504
31559.5596377
37017.7335038
30446.3812878
37534.1713906
262100.6476046
36428.2386310
66024.0427698
49669.8555855
20758.3455560
33030.2326458
30337.3738664
30513.5825845
28929.5292499
34090.9858278
35124.7633819
69670.7239509
25530.1529779
32988.6365690
23850.1678965
200583.0016517
33055.4100340
99738.4559273
35374.0826753
37297.5368754
35176.1047167
25892.7029697
28076.7636868
32470.8940766
37634.5700040
39523.6439959
44754.2772132
112624.0520146
Case #90:
42302.8496514
582195.8392792
23700.4668416
23679.8138472
49095.3972435
26405.7149913
17473.6892283
45724.7953322
231551.3467919
38416.2977901
12851.3530810
4197270.3989331
641.6447615
40425.9027565
36164.1059194
42634.4779338
20626.4455250
62606.8843179
42101.6047283
36385.6135659
82786.6292062
125775.1690676
98588.3059830
112905.4239599
1178708.0527354
23510.5986638
267129.0415093
43237.1402908
21557.1284918
4021.3601524
98811.4704915
220388.5527751
44252.5503226
28633.6838182
63350.8113602
16332.2440649
3016.5391192
20333.3535727
6.0000000
81395.3781504
23077.8790235
33567.0000000
59880.3131747
598504.2879153
582195.8392792
96978.0005449
10997.1682313
21557.1284918
36416.1044665
530401104.7875813
45651.4488893
3016.5391192
48931.6460570
1348198.1003740
52800.3116348
24490.7095774
49472.7072815
45255.4837711
3039.9571893
53422.3251993
47712.6920126
195329.0061710
45804.9746617
47677.5080211
96072.0199426
46328.9208219
55414.1905481
49014.5383454
8265.5118534
51193.5725635
11896.2456493
819887849.0000000
45339.5178505
26912.3939290
169535.5083744
582195.8392792
4197270.3989331
Case #91:
28805.8535333
33826.3741692
37776.6824780
47202.5769973
33744.5035294
48113.7728976
38902.4189190
35502.4825326
24693.6227780
113808.1051228
49402.8264820
38012.9159697
26219.6775171
25199.1433705
31470.7799233
29947.3263338
40033.6167312
59267.9592648
63197.0584800
35344.2217151
49307.9230590
14661.7218663
42758.8837949
42451.1362111
27421.7801449
15943.1716244
41234.9919466
50213.8407670
29457.1938676
33153.7204316
26412.5600568
42459.1172791
65330.9997124
41042.8087728
35663.4172816
35942.8486295
24100.7272910
390340.7685000
46850.3328844
67554.6514970
64234.5973253
37252.2805883
44286.8424763
169114.8882113
29888.8633611
130827.3160623
42769.5819152
40965.6200373
69179.5533540
44895.1018724
119890.5488572
37975.6814330
34476.6133547
34575.8506122
62144.8739905
13407.1717134
34144.3112513
28889.6766350
22948.4614899
26336.7652595
36244.1986601
33765.4588440
76046.8228311
45747.8003060
37610.6734490
43329.2209334
48215.0834594
138340.4306490
32984.7271386
31016.1895467
51244.2036414
36489.7351687
45790.2974268
47778.0408028
94302.1050305
45977.0746499
44868.4132198
32344.2151839
25123.9475299
26773.9280281
48907.1809848
23525.4375680
29697.8351970
48865.5366971
34056.3071528
42058.5369637
39361.3594951
37327.0719568
32413.5836860
56676.7361748
49396.5651134
27971.6435671
65937.7477588
36487.2984508
62552.3860562
69062.5994334
59700.2032135
48233.3444671
41863.2395979
42933.9224905
Case #92:
24887.8691444
7980.4973183
8950.4775874
21683.5029180
18963.0980994
49491.2114966
11200.6862304
17373.9330775
16521.0332141
45782.5648744
9045.9017466
118217.2128786
19178.5367045
13671.7998995
13128.4239097
9781.0147124
4301.6259607
14368.0681635
3113.6429684
14635.3369507
83115.6402813
10600.6114089
3882.9743597
8248.8124488
18006.1490623
12317.8102422
20936.2292035
22700.9495006
8188.1729550
142134.9876464
25471.1387333
168865.7792400
14860.3849689
5684.7100048
12957.6843600
13776.1468213
250984.5368630
13938.3122571
20007.9902384
17818.9046018
9063.9675035
10461.2214396
33178.8831263
2163.1305194
16005.9152524
17688.4308652
270386.9630912
Case #93:
3424.4055286
906336.1760457
282488.8846303
241815.3535717
367899.9262008
6455306.2311556
133637.4821328
179404.1220484
6534829.8315722
124524.1608136
54837.5001161
290915.9719334
33109.7971306
887335.1943337
2784886.0728598
428.5067094
57113.1152230
119376.8302010
199945.4114611
100512.5619991
4.0000000
149038.9866209
1668825.1303759
148963.3125325
433055.6293759
56774.4808364
983.8241713
2722478.7387953
216095.9898747
146794.8806150
177193.9495288
330522.4618545
760829.9998890
104658.5697026
48789.2231163
279512.4252771
111655.2010090
180520.0448324
85631.9663472
87639.4626577
33109.7971306
221132.3112465
842033.0047450
1256023.4703240
5142423.0940894
850195.1989606
Case #94:
21151.7357468
50353.6477305
37780.8879073
316389.8183952
43189.1326890
87399.6496331
56606.1855898
116891.4162881
50865.5695305
31771.6647488
39338.0686387
38441.7451293
35569.1693845
50850.3324691
42078.9582958
58049.4460534
36129.8709558
47789.8275717
41591.6030387
175897.3249240
89589.4613940
16134.4390183
36664.1819804
42676.4767847
35889.7346016
18552.3867882
19496.9972811
43081.1287563
53015.2599141
43812.4613044
28821.5127245
39606.5499234
37684.0165009
47148.6308067
40630.9383055
35304.5887680
35020.8594790
48578.5870851
39899.9460538
13198.4528764
38533.9627573
1773884.1535839
41509.2696755
42283.2652155
19707.3612328
46710.4103315
39453.0955188
40130.0476365
53512.4093585
34773.4088044
43119.0680084
42420.5225429
56829.3243609
32965.7796835
103373.9450085
79082.7935864
55360.9444915
77567.0516116
37850.5065019
43769.0756148
32957.0111793
15689.0713739
38492.8200162
38800.3667923
39720.1327245
41575.6850523
56105.4060507
30494.9905473
420049.4341913
45646.3206691
40445.8834009
26660.0623009
53907.1957122
32855.0029105
22436.5698316
36831.8680123
59570.4669480
46856.3697117
44408.7196408
41317.9781176
17184.5527965
44335.0242337
46195.0007998
61253.4724007
5640.6418071
421585.9586945
60600.3085267
44592.1076833
49004.3688526
44847.3674271
50913.9426674
18672.9000951
51755.7778571
58205.9153148
36844.1066958
56605.4635503
82467.4472652
35567.6116847
45850.9923500
33243.2883422
Case #95:
401302.5826409
10829.7979677
17825.5899190
8063.8911292
39894.5876795
64411.9370855
37141.7983410
746950.4875110
2229.3755152
11615.0000000
17648.5831131
5919.8721925
31547719.7287935
263931.5641620
1488.6315965
15477.7266969
69000.8259134
24145.8805254
72011.8732760
38954.8987533
63544.0000000
35381.4777969
37425.9578140
316202.0161958
805.8949944
40613.0729568
101845.0710574
20651.5228950
208666.8901035
37402.0380822
168424.7648855
71364.1338155
41761.1898372
38952.1778852
60179.7146099
65378.0000000
1377.6346486
8086626.7497918
84348.2310374
263.1640548
343359583.8286173
71364.1338155
37443.7927314
8086626.7497918
571.7429492
1758.8722958
40613.0729568
86084.9373131
35993.5092191
35430.2058610
1760759.6148120
913.2589405
5.9160798
75867.6564100
12771.7463847
234678.0319796
78402.3426546
1218.3644001
3610.6930822
39874.6774703
4447.7278958
19224.3735078
65783.1435211
8054.4956802
3169.2850040
151534.7745484
714.8818084
1758.8722958
29743.0348274
37048.6846671
3205.6912415
7893.8143951
10829.7979677
2069.0453517
17648.5831131
46521.8449358
38360.9510376
142790.9619151
1758.8722958
151534.7745484
37737.7267364
64017.5309469
16321.7793926
552422.7642877
174123.0882486
168424.7648855
41327.2654894
1738.3578001
13650.3952515
38568.4516756
35827.4419920
38360.9510376
Case #96:
6112.4092041
20055.4600131
27489.1995574
41402.6868575
17337.1436945
24072.6201947
37816.8964878
12851.3175161
21306.4724060
32844.9570116
21131.5179922
59895.4204379
9986.6023486
6426895.8318865
22960.7867257
14646.0225568
21929.9325873
7261.0547562
23855.1732619
51420.4582694
31513.7960308
96558.7281487
9277.2933560
3968.3798017
67278.0471002
112.0165260
73480.3938567
32886.8930931
12978.0845255
23151.1741809
46762.5866037
31125.7672041
70398.8023383
34914.2497011
5776.9499459
24257.5118063
21651.4009952
48547.6715817
182828.8111120
135740.8602385
96542.8850071
291912.1242709
23543.0655264
54530.0561695
56897.8592313
16885.5431132
27763.3819756
Case #97:
6301.6120611
6057.9674255
25978.3001515
354048.8098915
55727.2585741
27033.5250534
69503.8532096
58168.4365761
29505.0663378
1680.8441057
9787.2844546
157677.9420183
3063.6024754
53127.5235523
26755.1110797
5816.2353126
281549.3057353
73854.2728849
56491.5129911
49154.6769234
217102.0964581
13609.0030954
16486.6980229
25884.4123095
44660.3838847
3465.5474473
66245.7074209
2517.6203548
82587.6620270
14504.1398363
45205.5184189
1790371.5545698
28925.3476358
237704.3442567
27994.4118398
57815.1480642
17265.3791405
691560.8466405
4491.2545002
5850.5073205
40849.3247663
64196.0863271
33876.8294851
57746.2796751
56012.0334759
691560.8466405
90345.4633422
172335.6777067
845028.4647611
2341906.1625834
122492.8379020
56685.8227436
120355.2971389
10739.0099892
31225.1986637
5268.3508483
5563.0803214
37830.8969135
Case #98:
12512.8495490
2.0000000
12502.6417034
88.3681205
203568.0609112
20230.9687262
18091.6216391
52501.7588067
7266.4405133
19524.7725414
51298.0956763
11257.3644939
46156.4900033
7586.9381428
198020.2861558
8673.7107245
Case #99:
400349245.0000000
3705240.8630473
1427267.7384001
257444.3743326
6.0000000
573352785.3655072
3705240.8630473
5799015.3402127
177.2681584
62852.5635277
659058.0661287
Case #100:
33817.0806954
43321.1407738
213264.8543095
39596.7179845
33747.0786272
41075.7439777
41905.6947040
54293.7124457
42787.0462933
34234.4277957
39852.3618881
39123.8538194
30763.6844404
68664.3750195
41208.1159829
80884.3953393
48505.2293334
37557.8592330
37859.0346488
56762.8888553
46017.9099878
38164.9754573
48631.4583787
51081.2700936
32393.2966013
33420.2139455
38123.5498342
39376.7163886
30467.7964165
41980.2570647
58870.5914858
40918.9486693
36829.7263508
36697.7490370
40314.4407016
33871.4856716
64119.7099117
35636.2117384
111018.1957293
41724.1872093
36962.9491797
48059.8091372
93724.5887210
42667.2420188
42158.6177216
44226.3436619
43749.3647143
41208.3515477
18751.9184678
28969.7604667
45251.3720981
56838.3913637
37885.8433970
39772.9986664
40024.4942025
48069.1328089
41958.5393923
24132.8776015
48578.4388824
37770.9993861
56426.2124958
41910.7476244
28111.0337878
51021.4501828
45763.8078285
46930.8734453
36255.2194007
96534.6633903
55672.2542985
34323.5011339
51992.2843489
39664.5240686
36264.0812902
44017.0092129
44361.9881549
40273.2156927
17188.6462173
46781.8035176
32807.9072845
31523.6347100
44234.1624805
38205.4419064
37796.5288600
73145.8419535
43265.0506987
43575.5830534
36973.1848468
46984.3452940
36111.8750158
14901.4615549
36250.6418190
42659.6554193
113648.2152524
30659.5402515
35037.2390183
37877.9945271
35936.9502331
37653.4167988
50229.3223315
55592.4110274
